1 1 0 0 0 0.000124189 3.747e-16 3.57353e-16
2 1 0.1 0.1 0 0.00460943 5.72459e-17 1.05818e-16
3 1 0.1 0 0.1 0.00460943 3.81639e-17 5.37764e-17
4 1 0 0.1 0.1 0.000124189 1.249e-16 9.36751e-17
5 1 0.2 0 0 -0.00370528 8.11796e-16 7.38071e-16
6 1 0.3 0.1 0 0.0979042 9.02056e-17 7.37257e-16
7 1 0.3 0 0.1 0.0979042 7.45931e-16 4.85723e-17
8 1 0.2 0.1 0.1 -0.00370528 2.07462e-16 1.36338e-16
9 1 0.402475 0 0 -0.212331 2.42861e-16 3.86843e-16
10 1 0.5 0.1 0 0.108667 7.63278e-17 8.84709e-17
11 1 0.5 0 0.1 0.108667 5.55112e-17 1.56125e-17
12 1 0.402475 0.1 0.1 -0.212331 -5.55112e-17 2.08167e-17
13 1 0.6 0 0 -0.00275423 2.70617e-16 2.68015e-16
14 1 0.7 0.1 0 0.00735375 4.16334e-17 3.56757e-16
15 1 0.7 0 0.1 0.00735375 2.94307e-16 1.04083e-16
16 1 0.6 0.1 0.1 -0.00275423 -2.08167e-17 2.25514e-17
17 1 0.8 0 0 0.0001324 4.78784e-16 5.41234e-16
18 1 0.9 0.1 0 9.33465e-08 1.38778e-16 3.95517e-16
19 1 0.9 0 0.1 9.33465e-08 3.46945e-16 1.00614e-16
20 1 0.8 0.1 0.1 0.0001324 3.1225e-17 6.59195e-17
21 1 0 0.2 0 0.000124189 1.16226e-15 7.70217e-16
22 1 0.1 0.3 0 0.00460943 -1.33053e-15 7.00828e-16
23 1 0.1 0.2 0.1 0.00460943 2.35575e-15 2.26381e-16
24 1 0 0.3 0.1 0.000124189 -1.35308e-15 9.71445e-17
25 1 0.2 0.2 0 -0.00370528 1.69255e-15 1.22802e-15
26 1 0.3 0.3 0 0.0979042 -1.85171e-15 1.38431e-15
27 1 0.3 0.2 0.1 0.0979042 2.12113e-15 1.18991e-16
28 1 0.2 0.3 0.1 -0.00370528 -2.29385e-15 7.56231e-17
29 1 0.402475 0.2 0 -0.212331 1.60072e-15 8.04803e-16
30 1 0.5 0.3 0 0.108667 -1.20748e-15 7.49401e-16
31 1 0.5 0.2 0.1 0.108667 2.158e-15 1.28912e-16
32 1 0.402475 0.3 0.1 -0.212331 -1.73852e-15 1.17961e-16
33 1 0.6 0.2 0 -0.00275423 1.08594e-15 8.04857e-16
34 1 0.7 0.3 0 0.00735375 -3.99962e-16 1.00901e-15
35 1 0.7 0.2 0.1 0.00735375 1.11662e-15 -8.40257e-18
36 1 0.6 0.3 0.1 -0.00275423 -1.29112e-15 6.93889e-18
37 1 0.8 0.2 0 0.0001324 6.14092e-16 1.079e-15
38 1 0.9 0.3 0 9.33465e-08 -4.83988e-16 9.99201e-16
39 1 0.9 0.2 0.1 9.33465e-08 1.09635e-15 8.32667e-17
40 1 0.8 0.3 0.1 0.0001324 -9.78384e-16 3.46945e-18
41 1 0 0.4 0 0.000124189 -4.77049e-17 4.51028e-16
42 1 0.1 0.5 0 0.00460943 3.73139e-15 2.44596e-16
43 1 0.1 0.4 0.1 0.00460943 5.20417e-17 3.46945e-17
44 1 0 0.5 0.1 0.000124189 3.76782e-15 1.21431e-16
45 1 0.2 0.4 0 -0.00370528 -1.11131e-16 9.36696e-16
46 1 0.3 0.5 0 0.0979042 3.96482e-15 8.29198e-16
47 1 0.3 0.4 0.1 0.0979042 -5.20417e-18 9.71445e-17
48 1 0.2 0.5 0.1 -0.00370528 4.03817e-15 9.64398e-17
49 1 0.402475 0.4 0 -0.212331 -1.01048e-16 2.91434e-16
50 1 0.5 0.5 0 0.108667 3.98108e-15 2.35922e-16
51 1 0.5 0.4 0.1 0.108667 8.67362e-18 5.55112e-17
52 1 0.402475 0.5 0.1 -0.212331 3.7463e-15 9.02056e-17
53 1 0.6 0.4 0 -0.00275423 5.31259e-17 3.19189e-16
54 1 0.7 0.5 0 0.00735375 3.79113e-15 4.26146e-16
55 1 0.7 0.4 0.1 0.00735375 1.08691e-16 -1.17961e-16
56 1 0.6 0.5 0.1 -0.00275423 3.60725e-15 6.93889e-18
57 1 0.8 0.4 0 0.0001324 6.59195e-17 5.72459e-16
58 1 0.9 0.5 0 9.33465e-08 3.83374e-15 4.33681e-16
59 1 0.9 0.4 0.1 9.33465e-08 -2.77556e-17 -3.46945e-18
60 1 0.8 0.5 0.1 0.0001324 3.83547e-15 3.1225e-17
61 1 0 0.6 0 0.000124189 -3.89445e-15 2.94903e-16
62 1 0.1 0.7 0 0.00460943 -2.93168e-16 3.48679e-16
63 1 0.1 0.6 0.1 0.00460943 -3.90486e-15 1.89085e-16
64 1 0 0.7 0.1 0.000124189 -2.22045e-16 5.55112e-17
65 1 0.2 0.6 0 -0.00370528 -4.27398e-15 7.70163e-16
66 1 0.3 0.7 0 0.0979042 -3.41198e-16 9.58543e-16
67 1 0.3 0.6 0.1 0.0979042 -4.05031e-15 1.31839e-16
68 1 0.2 0.7 0.1 -0.00370528 -2.33971e-16 1.51951e-16
69 1 0.402475 0.6 0 -0.212331 -3.94129e-15 3.05311e-16
70 1 0.5 0.7 0 0.108667 -2.61618e-16 3.09214e-16
71 1 0.5 0.6 0.1 0.108667 -4.02602e-15 9.02056e-17
72 1 0.402475 0.7 0.1 -0.212331 -1.61329e-16 1.59595e-16
73 1 0.6 0.6 0 -0.00275423 -3.96384e-15 2.35922e-16
74 1 0.7 0.7 0 0.00735375 -3.17996e-16 5.14833e-16
75 1 0.7 0.6 0.1 0.00735375 -3.98298e-15 -1.11022e-16
76 1 0.6 0.7 0.1 -0.00275423 -1.07553e-16 -9.71445e-17
77 1 0.8 0.6 0 0.0001324 -4.09742e-15 3.57353e-16
78 1 0.9 0.7 0 9.33465e-08 -3.01842e-16 5.27356e-16
79 1 0.9 0.6 0.1 9.33465e-08 -4.06619e-15 1.31839e-16
80 1 0.8 0.7 0.1 0.0001324 -1.31839e-16 5.20417e-17
81 1 0 0.8 0 0.000124189 -3.01842e-16 4.33681e-16
82 1 0.1 0.9 0 0.00460943 5.72459e-17 3.43475e-16
83 1 0.1 0.8 0.1 0.00460943 -2.5327e-16 2.2031e-16
84 1 0 0.9 0.1 0.000124189 -2.08167e-17 1.80411e-16
85 1 0.2 0.8 0 -0.00370528 -2.43729e-16 9.62717e-16
86 1 0.3 0.9 0 0.0979042 1.95156e-16 9.59302e-16
87 1 0.3 0.8 0.1 0.0979042 -2.25514e-16 2.60209e-16
88 1 0.2 0.9 0.1 -0.00370528 6.60279e-17 1.90115e-16
89 1 0.402475 0.8 0 -0.212331 -2.43729e-16 4.571e-16
90 1 0.5 0.9 0 0.108667 1.07553e-16 2.74086e-16
91 1 0.5 0.8 0.1 0.108667 -2.72352e-16 1.8735e-16
92 1 0.402475 0.9 0.1 -0.212331 8.67362e-17 1.17961e-16
93 1 0.6 0.8 0 -0.00275423 -2.41994e-16 4.16334e-16
94 1 0.7 0.9 0 0.00735375 1.64799e-17 5.47576e-16
95 1 0.7 0.8 0.1 0.00735375 -2.93765e-16 9.88792e-17
96 1 0.6 0.9 0.1 -0.00275423 3.46945e-18 5.37764e-17
97 1 0.8 0.8 0 0.0001324 -3.93782e-16 4.97866e-16
98 1 0.9 0.9 0 9.33465e-08 6.59195e-17 5.30825e-16
99 1 0.9 0.8 0.1 9.33465e-08 -2.91434e-16 1.9082e-16
100 1 0.8 0.9 0.1 0.0001324 3.46945e-17 2.04697e-16
101 1 0 0 0.2 0.000124189 7.61544e-16 1.2091e-15
102 1 0.1 0.1 0.2 0.00460943 1.66533e-16 2.38871e-15
103 1 0.1 0 0.3 0.00460943 7.35523e-16 -1.33227e-15
104 1 0 0.1 0.3 0.000124189 9.71445e-17 -1.32533e-15
105 1 0.2 0 0.2 -0.00370528 1.1865e-15 1.634e-15
106 1 0.3 0.1 0.2 0.0979042 2.498e-16 2.02616e-15
107 1 0.3 0 0.3 0.0979042 1.31492e-15 -1.97065e-15
108 1 0.2 0.1 0.3 -0.00370528 1.65829e-16 -2.36416e-15
109 1 0.402475 0 0.2 -0.212331 6.52256e-16 1.56125e-15
110 1 0.5 0.1 0.2 0.108667 1.04083e-16 2.15279e-15
111 1 0.5 0 0.3 0.108667 7.91034e-16 -1.2039e-15
112 1 0.402475 0.1 0.3 -0.212331 1.04083e-16 -1.746e-15
113 1 0.6 0 0.2 -0.00275423 7.70217e-16 1.07379e-15
114 1 0.7 0.1 0.2 0.00735375 2.08167e-17 1.20336e-15
115 1 0.7 0 0.3 0.00735375 9.95135e-16 -5.17815e-16
116 1 0.6 0.1 0.3 -0.00275423 -2.08167e-17 -1.26375e-15
117 1 0.8 0 0.2 0.0001324 9.47159e-16 5.96745e-16
118 1 0.9 0.1 0.2 9.33465e-08 5.0307e-17 1.08941e-15
119 1 0.9 0 0.3 9.33465e-08 9.15934e-16 -4.78784e-16
120 1 0.8 0.1 0.3 0.0001324 3.81639e-17 -9.66241e-16
121 1 0 0.2 0.2 0.000124189 1.59855e-15 1.68268e-15
122 1 0.1 0.3 0.2 0.00460943 -2.32626e-15 1.65319e-15
123 1 0.1 0.2 0.3 0.00460943 1.65493e-15 -2.243e-15
124 1 0 0.3 0.3 0.000124189 -1.33921e-15 -1.34268e-15
125 1 0.2 0.2 0.2 -0.00370528 2.10194e-15 2.06719e-15
126 1 0.3 0.3 0.2 0.0979042 -2.8179e-15 1.4615e-15
127 1 0.3 0.2 0.3 0.0979042 1.50531e-15 -2.66697e-15
128 1 0.2 0.3 0.3 -0.00370528 -2.20017e-15 -2.24153e-15
129 1 0.402475 0.2 0.2 -0.212331 1.99927e-15 2.04085e-15
130 1 0.5 0.3 0.2 0.108667 -2.06069e-15 1.4936e-15
131 1 0.5 0.2 0.3 0.108667 1.4589e-15 -2.05592e-15
132 1 0.402475 0.3 0.3 -0.212331 -1.76454e-15 -1.70653e-15
133 1 0.6 0.2 0.2 -0.00275423 1.51788e-15 1.50222e-15
134 1 0.7 0.3 0.2 0.00735375 -1.35384e-15 5.30717e-16
135 1 0.7 0.2 0.3 0.00735375 5.40692e-16 -1.24054e-15
136 1 0.6 0.3 0.3 -0.00275423 -1.19051e-15 -1.19555e-15
137 1 0.8 0.2 0.2 0.0001324 1.079e-15 1.04083e-15
138 1 0.9 0.3 0.2 9.33465e-08 -1.31926e-15 4.85723e-16
139 1 0.9 0.2 0.3 9.33465e-08 5.27356e-16 -1.34615e-15
140 1 0.8 0.3 0.3 0.0001324 -9.28077e-16 -9.12465e-16
141 1 0 0.4 0.2 0.000124189 -3.20924e-17 6.45317e-16
142 1 0.1 0.5 0.2 0.00460943 4.01935e-15 1.53696e-15
143 1 0.1 0.4 0.3 0.00460943 -6.59195e-17 -9.53231e-16
144 1 0 0.5 0.3 0.000124189 4.23966e-15 -7.77156e-16
145 1 0.2 0.4 0.2 -0.00370528 -4.16334e-17 1.11142e-15
146 1 0.3 0.5 0.2 0.0979042 4.19516e-15 1.41987e-15
147 1 0.3 0.4 0.3 0.0979042 0 -1.36534e-15
148 1 0.2 0.5 0.3 -0.00370528 4.46664e-15 -1.68382e-15
149 1 0.402475 0.4 0.2 -0.212331 -1.31839e-16 1.05384e-15
150 1 0.5 0.5 0.2 0.108667 4.19077e-15 1.41033e-15
151 1 0.5 0.4 0.3 0.108667 7.80626e-17 -6.61797e-16
152 1 0.402475 0.5 0.3 -0.212331 4.06896e-15 -1.21214e-15
153 1 0.6 0.4 0.2 -0.00275423 1.02349e-16 5.08274e-16
154 1 0.7 0.5 0.2 0.00735375 4.02949e-15 5.68881e-16
155 1 0.7 0.4 0.3 0.00735375 8.26704e-17 6.27753e-17
156 1 0.6 0.5 0.3 -0.00275423 4.03573e-15 -6.04009e-16
157 1 0.8 0.4 0.2 0.0001324 3.46945e-17 9.36751e-17
158 1 0.9 0.5 0.2 9.33465e-08 4.27523e-15 4.82253e-16
159 1 0.9 0.4 0.3 9.33465e-08 0 1.04083e-17
160 1 0.8 0.5 0.3 0.0001324 4.2865e-15 -3.98986e-16
161 1 0 0.6 0.2 0.000124189 -4.29431e-15 1.03736e-15
162 1 0.1 0.7 0.2 0.00460943 -2.51535e-16 1.19349e-15
163 1 0.1 0.6 0.3 0.00460943 -4.27262e-15 -1.18395e-15
164 1 0 0.7 0.3 0.000124189 -1.73472e-16 -4.47559e-16
165 1 0.2 0.6 0.2 -0.00370528 -4.6225e-15 1.48785e-15
166 1 0.3 0.7 0.2 0.0979042 -3.18647e-16 9.55995e-16
167 1 0.3 0.6 0.3 0.0979042 -4.50481e-15 -1.66718e-15
168 1 0.2 0.7 0.3 -0.00370528 -2.20093e-16 -1.43012e-15
169 1 0.402475 0.6 0.2 -0.212331 -4.18562e-15 1.56212e-15
170 1 0.5 0.7 0.2 0.108667 -1.59269e-16 1.02229e-15
171 1 0.5 0.6 0.3 0.108667 -4.53083e-15 -1.13104e-15
172 1 0.402475 0.7 0.3 -0.212331 -1.82146e-16 -8.74734e-16
173 1 0.6 0.6 0.2 -0.00275423 -4.25327e-15 9.28077e-16
174 1 0.7 0.7 0.2 0.00735375 -1.12432e-16 1.44145e-16
175 1 0.7 0.6 0.3 0.00735375 -4.45656e-15 -2.45138e-16
176 1 0.6 0.7 0.3 -0.00275423 -1.04083e-16 -2.30176e-16
177 1 0.8 0.6 0.2 0.0001324 -4.49293e-15 5.41234e-16
178 1 0.9 0.7 0.2 9.33465e-08 -1.85615e-16 7.28584e-17
179 1 0.9 0.6 0.3 9.33465e-08 -4.57273e-15 -3.60822e-16
180 1 0.8 0.7 0.3 0.0001324 -5.37764e-17 -6.93889e-18
181 1 0 0.8 0.2 0.000124189 -2.40259e-16 6.2797e-16
182 1 0.1 0.9 0.2 0.00460943 -2.08167e-17 1.27502e-15
183 1 0.1 0.8 0.3 0.00460943 -2.61943e-16 -9.80119e-16
184 1 0 0.9 0.3 0.000124189 6.93889e-18 -5.16948e-16
185 1 0.2 0.8 0.2 -0.00370528 -2.58474e-16 1.11315e-15
186 1 0.3 0.9 0.2 0.0979042 6.33174e-17 9.83588e-16
187 1 0.3 0.8 0.3 0.0979042 -3.10516e-16 -1.55605e-15
188 1 0.2 0.9 0.3 -0.00370528 4.86807e-17 -1.52715e-15
189 1 0.402475 0.8 0.2 -0.212331 -2.09902e-16 1.05124e-15
190 1 0.5 0.9 0.2 0.108667 4.85723e-17 1.02869e-15
191 1 0.5 0.8 0.3 0.108667 -2.7929e-16 -8.27463e-16
192 1 0.402475 0.9 0.3 -0.212331 8.84709e-17 -9.02056e-16
193 1 0.6 0.8 0.2 -0.00275423 -2.41127e-16 5.07407e-16
194 1 0.7 0.9 0.2 0.00735375 5.46438e-17 1.40838e-16
195 1 0.7 0.8 0.3 0.00735375 -2.52131e-16 1.04083e-17
196 1 0.6 0.9 0.3 -0.00275423 8.67362e-18 -3.21791e-16
197 1 0.8 0.8 0.2 0.0001324 -2.8276e-16 1.73472e-17
198 1 0.9 0.9 0.2 9.33465e-08 3.46945e-17 3.46945e-18
199 1 0.9 0.8 0.3 9.33465e-08 -2.77556e-16 -1.07553e-16
200 1 0.8 0.9 0.3 0.0001324 -8.67362e-17 -1.17961e-16
201 1 0 0 0.4 0.000124189 4.05925e-16 -7.11237e-17
202 1 0.1 0.1 0.4 0.00460943 6.93889e-18 -4.16334e-17
203 1 0.1 0 0.5 0.00460943 1.42247e-16 3.72185e-15
204 1 0 0.1 0.5 0.000124189 6.93889e-17 3.72272e-15
205 1 0.2 0 0.4 -0.00370528 8.60369e-16 -1.86483e-16
206 1 0.3 0.1 0.4 0.0979042 1.11022e-16 1.21431e-17
207 1 0.3 0 0.5 0.0979042 6.80012e-16 4.09135e-15
208 1 0.2 0.1 0.5 -0.00370528 6.86842e-17 3.99604e-15
209 1 0.402475 0 0.4 -0.212331 2.63678e-16 -1.35308e-16
210 1 0.5 0.1 0.4 0.108667 3.46945e-17 1.56125e-17
211 1 0.5 0 0.5 0.108667 2.498e-16 3.96211e-15
212 1 0.402475 0.1 0.5 -0.212331 1.11022e-16 3.69149e-15
213 1 0.6 0 0.4 -0.00275423 2.63678e-16 1.73472e-17
214 1 0.7 0.1 0.4 0.00735375 -1.38778e-17 -7.34547e-17
215 1 0.7 0 0.5 0.00735375 2.80429e-16 3.85976e-15
216 1 0.6 0.1 0.5 -0.00275423 4.16334e-17 3.71144e-15
217 1 0.8 0 0.4 0.0001324 4.96131e-16 1.19696e-16
218 1 0.9 0.1 0.4 9.33465e-08 -3.46945e-17 2.77556e-17
219 1 0.9 0 0.5 9.33465e-08 3.33067e-16 3.8268e-15
220 1 0.8 0.1 0.5 0.0001324 2.42861e-17 3.94823e-15
221 1 0 0.2 0.4 0.000124189 6.01949e-16 -9.71445e-17
222 1 0.1 0.3 0.4 0.00460943 -8.55219e-16 6.07153e-17
223 1 0.1 0.2 0.5 0.00460943 1.43982e-15 3.89966e-15
224 1 0 0.3 0.5 0.000124189 -7.35523e-16 4.2015e-15
225 1 0.2 0.2 0.4 -0.00370528 1.21897e-15 -1.45717e-16
226 1 0.3 0.3 0.4 0.0979042 -1.29671e-15 -1.04083e-17
227 1 0.3 0.2 0.5 0.0979042 1.52439e-15 4.23186e-15
228 1 0.2 0.3 0.5 -0.00370528 -1.61123e-15 4.43048e-15
229 1 0.402475 0.2 0.4 -0.212331 1.0365e-15 -1.76942e-16
230 1 0.5 0.3 0.4 0.108667 -6.98226e-16 -4.85723e-17
231 1 0.5 0.2 0.5 0.108667 1.36002e-15 4.27739e-15
232 1 0.402475 0.3 0.5 -0.212331 -1.10014e-15 4.16897e-15
233 1 0.6 0.2 0.4 -0.00275423 5.37764e-16 -5.72459e-17
234 1 0.7 0.3 0.4 0.00735375 1.73472e-17 8.07731e-18
235 1 0.7 0.2 0.5 0.00735375 5.11201e-16 4.10837e-15
236 1 0.6 0.3 0.5 -0.00275423 -5.79886e-16 4.15737e-15
237 1 0.8 0.2 0.4 0.0001324 9.02056e-17 -2.94903e-17
238 1 0.9 0.3 0.4 9.33465e-08 5.81132e-17 -5.55112e-17
239 1 0.9 0.2 0.5 9.33465e-08 4.71845e-16 4.26395e-15
240 1 0.8 0.3 0.5 0.0001324 -4.11129e-16 4.39232e-15
241 1 0 0.4 0.4 0.000124189 -2.51535e-17 -1.9082e-17
242 1 0.1 0.5 0.4 0.00460943 3.73486e-15 1.23165e-16
243 1 0.1 0.4 0.5 0.00460943 -4.68375e-17 3.7418e-15
244 1 0 0.5 0.5 0.000124189 3.83027e-15 3.78864e-15
245 1 0.2 0.4 0.4 -0.00370528 -1.63064e-16 -4.85723e-17
246 1 0.3 0.5 0.4 0.0979042 3.89619e-15 -1.00614e-16
247 1 0.3 0.4 0.5 0.0979042 -5.37764e-17 3.93858e-15
248 1 0.2 0.5 0.5 -0.00370528 3.99566e-15 3.97859e-15
249 1 0.402475 0.4 0.4 -0.212331 -2.94903e-17 -5.72459e-17
250 1 0.5 0.5 0.4 0.108667 3.96645e-15 5.20417e-18
251 1 0.5 0.4 0.5 0.108667 1.73472e-17 4.01242e-15
252 1 0.402475 0.5 0.5 -0.212331 3.65176e-15 3.69279e-15
253 1 0.6 0.4 0.4 -0.00275423 1.07553e-16 -1.73472e-18
254 1 0.7 0.5 0.4 0.00735375 3.83894e-15 7.39968e-17
255 1 0.7 0.4 0.5 0.00735375 1.05222e-16 4.04483e-15
256 1 0.6 0.5 0.5 -0.00275423 3.70092e-15 3.73237e-15
257 1 0.8 0.4 0.4 0.0001324 3.81639e-17 -7.28584e-17
258 1 0.9 0.5 0.4 9.33465e-08 4.02803e-15 2.42861e-17
259 1 0.9 0.4 0.5 9.33465e-08 8.32667e-17 4.03844e-15
260 1 0.8 0.5 0.5 0.0001324 3.96211e-15 3.9465e-15
261 1 0 0.6 0.4 0.000124189 -3.97078e-15 4.68375e-17
262 1 0.1 0.7 0.4 0.00460943 -1.11022e-16 3.64292e-17
263 1 0.1 0.6 0.5 0.00460943 -3.77302e-15 3.57787e-15
264 1 0 0.7 0.5 0.000124189 -1.94289e-16 3.86843e-15
265 1 0.2 0.6 0.4 -0.00370528 -4.28276e-15 -5.37764e-17
266 1 0.3 0.7 0.4 0.0979042 -1.50379e-16 -7.58942e-19
267 1 0.3 0.6 0.5 0.0979042 -3.99133e-15 3.88134e-15
268 1 0.2 0.7 0.5 -0.00370528 -6.04985e-17 4.23012e-15
269 1 0.402475 0.6 0.4 -0.212331 -3.96384e-15 -6.76542e-17
270 1 0.5 0.7 0.4 0.108667 -1.32381e-16 7.67615e-17
271 1 0.5 0.6 0.5 0.108667 -4.05551e-15 3.86149e-15
272 1 0.402475 0.7 0.5 -0.212331 -1.50921e-16 3.88968e-15
273 1 0.6 0.6 0.4 -0.00275423 -3.94997e-15 9.88792e-17
274 1 0.7 0.7 0.4 0.00735375 -1.79219e-16 -2.8135e-17
275 1 0.7 0.6 0.5 0.00735375 -3.99859e-15 3.90866e-15
276 1 0.6 0.7 0.5 -0.00275423 -2.04697e-16 3.90844e-15
277 1 0.8 0.6 0.4 0.0001324 -4.1217e-15 6.07153e-17
278 1 0.9 0.7 0.4 9.33465e-08 -1.89085e-16 8.32667e-17
279 1 0.9 0.6 0.5 9.33465e-08 -4.08007e-15 4.01415e-15
280 1 0.8 0.7 0.5 0.0001324 -2.96638e-16 4.15293e-15
281 1 0 0.8 0.4 0.000124189 -2.48065e-16 7.11237e-17
282 1 0.1 0.9 0.4 0.00460943 -5.89806e-17 7.63278e-17
283 1 0.1 0.8 0.5 0.00460943 -2.65413e-16 3.83634e-15
284 1 0 0.9 0.5 0.000124189 -3.46945e-17 3.90313e-15
285 1 0.2 0.8 0.4 -0.00370528 -2.91434e-16 6.07153e-17
286 1 0.3 0.9 0.4 0.0979042 4.0766e-17 7.45931e-17
287 1 0.3 0.8 0.5 0.0979042 -2.67147e-16 4.26048e-15
288 1 0.2 0.9 0.5 -0.00370528 -6.40763e-17 4.31003e-15
289 1 0.402475 0.8 0.4 -0.212331 -2.63678e-16 1.12757e-17
290 1 0.5 0.9 0.4 0.108667 3.46945e-17 1.38778e-16
291 1 0.5 0.8 0.5 0.108667 -3.33067e-16 4.13905e-15
292 1 0.402475 0.9 0.5 -0.212331 -3.46945e-18 3.93262e-15
293 1 0.6 0.8 0.4 -0.00275423 -2.2031e-16 -3.98986e-17
294 1 0.7 0.9 0.4 0.00735375 -9.54098e-18 6.35885e-17
295 1 0.7 0.8 0.5 0.00735375 -2.55601e-16 4.0367e-15
296 1 0.6 0.9 0.5 -0.00275423 -5.37764e-17 3.96124e-15
297 1 0.8 0.8 0.4 0.0001324 -3.1225e-16 7.97973e-17
298 1 0.9 0.9 0.4 9.33465e-08 2.42861e-17 8.32667e-17
299 1 0.9 0.8 0.5 9.33465e-08 -2.98372e-16 4.05578e-15
300 1 0.8 0.9 0.5 0.0001324 -3.46945e-18 4.19283e-15
301 1 0 0 0.6 0.000124189 2.81025e-16 -4.00374e-15
302 1 0.1 0.1 0.6 0.00460943 2.08167e-17 -3.77302e-15
303 1 0.1 0 0.7 0.00460943 3.64292e-16 -2.09902e-16
304 1 0 0.1 0.7 0.000124189 6.93889e-18 -1.38778e-16
305 1 0.2 0 0.6 -0.00370528 7.97919e-16 -4.25674e-15
306 1 0.3 0.1 0.6 0.0979042 -6.93889e-17 -3.97252e-15
307 1 0.3 0 0.7 0.0979042 8.08381e-16 -3.20924e-16
308 1 0.2 0.1 0.7 -0.00370528 8.2562e-17 -2.1066e-16
309 1 0.402475 0 0.6 -0.212331 2.28983e-16 -3.93956e-15
310 1 0.5 0.1 0.6 0.108667 9.71445e-17 -4.00548e-15
311 1 0.5 0 0.7 0.108667 2.63678e-16 -2.2031e-16
312 1 0.402475 0.1 0.7 -0.212331 9.71445e-17 -2.85362e-16
313 1 0.6 0 0.6 -0.00275423 2.35922e-16 -3.98986e-15
314 1 0.7 0.1 0.6 0.00735375 0 -3.98152e-15
315 1 0.7 0 0.7 0.00735375 5.2329e-16 -1.81279e-16
316 1 0.6 0.1 0.7 -0.00275423 -4.16334e-17 -1.14492e-16
317 1 0.8 0 0.6 0.0001324 3.7817e-16 -4.1165e-15
318 1 0.9 0.1 0.6 9.33465e-08 6.93889e-17 -4.05925e-15
319 1 0.9 0 0.7 9.33465e-08 4.57967e-16 -2.42861e-16
320 1 0.8 0.1 0.7 0.0001324 1.04083e-17 -1.78677e-16
321 1 0 0.2 0.6 0.000124189 1.0443e-15 -4.31426e-15
322 1 0.1 0.3 0.6 0.00460943 -1.19176e-15 -4.3663e-15
323 1 0.1 0.2 0.7 0.00460943 1.18655e-15 -7.28584e-17
324 1 0 0.3 0.7 0.000124189 -4.30211e-16 -1.04083e-16
325 1 0.2 0.2 0.6 -0.00370528 1.5902e-15 -4.64331e-15
326 1 0.3 0.3 0.6 0.0979042 -1.59248e-15 -4.49467e-15
327 1 0.3 0.2 0.7 0.0979042 1.04344e-15 -1.79435e-16
328 1 0.2 0.3 0.7 -0.00370528 -1.39613e-15 -1.75424e-16
329 1 0.402475 0.2 0.6 -0.212331 1.56906e-15 -4.19776e-15
330 1 0.5 0.3 0.6 0.108667 -1.05558e-15 -4.54498e-15
331 1 0.5 0.2 0.7 0.108667 1.02522e-15 -2.21286e-16
332 1 0.402475 0.3 0.7 -0.212331 -7.63549e-16 -1.75424e-16
333 1 0.6 0.2 0.6 -0.00275423 9.59302e-16 -4.29143e-15
334 1 0.7 0.3 0.6 0.00735375 -2.7929e-16 -4.43775e-15
335 1 0.7 0.2 0.7 0.00735375 5.14996e-17 -1.78893e-16
336 1 0.6 0.3 0.7 -0.00275423 -2.79833e-16 -1.07119e-16
337 1 0.8 0.2 0.6 0.0001324 5.44703e-16 -4.47038e-15
338 1 0.9 0.3 0.6 9.33465e-08 -3.70363e-16 -4.56406e-15
339 1 0.9 0.2 0.7 9.33465e-08 4.16334e-17 -2.08167e-16
340 1 0.8 0.3 0.7 0.0001324 3.29597e-17 -2.27249e-16
341 1 0 0.4 0.6 0.000124189 3.98986e-17 -4.00548e-15
342 1 0.1 0.5 0.6 0.00460943 3.62904e-15 -3.7869e-15
343 1 0.1 0.4 0.7 0.00460943 3.46945e-17 -1.58727e-16
344 1 0 0.5 0.7 0.000124189 3.91354e-15 -1.97758e-16
345 1 0.2 0.4 0.6 -0.00370528 -4.85723e-17 -4.36603e-15
346 1 0.3 0.5 0.6 0.0979042 3.8216e-15 -4.0315e-15
347 1 0.3 0.4 0.7 0.0979042 -7.28584e-17 -2.74086e-16
348 1 0.2 0.5 0.7 -0.00370528 4.22205e-15 -1.68485e-16
349 1 0.402475 0.4 0.6 -0.212331 -7.63278e-17 -3.93435e-15
350 1 0.5 0.5 0.6 0.108667 3.87537e-15 -3.9968e-15
351 1 0.5 0.4 0.7 0.108667 1.47451e-16 -1.03758e-16
352 1 0.402475 0.5 0.7 -0.212331 3.82089e-15 -2.13588e-16
353 1 0.6 0.4 0.6 -0.00275423 1.75207e-16 -4.08354e-15
354 1 0.7 0.5 0.6 0.00735375 3.8294e-15 -4.05958e-15
355 1 0.7 0.4 0.7 0.00735375 1.17365e-16 -3.59955e-17
356 1 0.6 0.5 0.7 -0.00275423 3.86231e-15 -1.45283e-16
357 1 0.8 0.4 0.6 0.0001324 1.21431e-16 -4.19456e-15
358 1 0.9 0.5 0.6 9.33465e-08 3.91354e-15 -4.11823e-15
359 1 0.9 0.4 0.7 9.33465e-08 6.245e-17 -8.67362e-17
360 1 0.8 0.5 0.7 0.0001324 4.02456e-15 -1.68268e-16
361 1 0 0.6 0.6 0.000124189 -3.989e-15 -3.96558e-15
362 1 0.1 0.7 0.6 0.00460943 -1.02349e-16 -3.98986e-15
363 1 0.1 0.6 0.7 0.00460943 -4.0315e-15 -2.21177e-16
364 1 0 0.7 0.7 0.000124189 -1.73472e-16 -2.22045e-16
365 1 0.2 0.6 0.6 -0.00370528 -4.25501e-15 -4.19776e-15
366 1 0.3 0.7 0.6 0.0979042 -1.80737e-16 -4.31821e-15
367 1 0.3 0.6 0.7 0.0979042 -4.14225e-15 -1.81279e-16
368 1 0.2 0.7 0.7 -0.00370528 -2.86013e-16 -2.10986e-16
369 1 0.402475 0.6 0.6 -0.212331 -3.80598e-15 -3.8268e-15
370 1 0.5 0.7 0.6 0.108667 -1.94831e-16 -4.16952e-15
371 1 0.5 0.6 0.7 0.108667 -4.19424e-15 -2.62485e-16
372 1 0.402475 0.7 0.7 -0.212331 -2.41994e-16 -2.84711e-16
373 1 0.6 0.6 0.6 -0.00275423 -3.95864e-15 -3.94997e-15
374 1 0.7 0.7 0.6 0.00735375 -2.13913e-16 -4.18226e-15
375 1 0.7 0.6 0.7 0.00735375 -4.24319e-15 -2.15539e-16
376 1 0.6 0.7 0.7 -0.00275423 -1.36176e-16 -1.45283e-16
377 1 0.8 0.6 0.6 0.0001324 -4.02976e-15 -4.09568e-15
378 1 0.9 0.7 0.6 9.33465e-08 -2.30718e-16 -4.25875e-15
379 1 0.9 0.6 0.7 9.33465e-08 -4.27436e-15 -2.84495e-16
380 1 0.8 0.7 0.7 0.0001324 -2.09902e-16 -2.93168e-16
381 1 0 0.8 0.6 0.000124189 -2.48933e-16 -4.02109e-15
382 1 0.1 0.9 0.6 0.00460943 -4.85723e-17 -4.19977e-15
383 1 0.1 0.8 0.7 0.00460943 -2.56739e-16 -2.62811e-16
384 1 0 0.9 0.7 0.000124189 -2.08167e-17 -2.63678e-16
385 1 0.2 0.8 0.6 -0.00370528 -2.44596e-16 -4.46664e-15
386 1 0.3 0.9 0.6 0.0979042 8.23994e-17 -4.38191e-15
387 1 0.3 0.8 0.7 0.0979042 -2.11636e-16 -3.59088e-16
388 1 0.2 0.9 0.7 -0.00370528 5.38848e-17 -3.02601e-16
389 1 0.402475 0.8 0.6 -0.212331 -2.498e-16 -4.08701e-15
390 1 0.5 0.9 0.6 0.108667 -1.21431e-17 -4.25181e-15
391 1 0.5 0.8 0.7 0.108667 -2.55004e-16 -3.76435e-16
392 1 0.402475 0.9 0.7 -0.212331 -4.51028e-17 -4.04191e-16
393 1 0.6 0.8 0.6 -0.00275423 -2.96638e-16 -4.1616e-15
394 1 0.7 0.9 0.6 0.00735375 1.99493e-17 -4.2478e-15
395 1 0.7 0.8 0.7 0.00735375 -2.45192e-16 -2.81025e-16
396 1 0.6 0.9 0.7 -0.00275423 -3.03577e-17 -1.40513e-16
397 1 0.8 0.8 0.6 0.0001324 -2.98372e-16 -4.3264e-15
398 1 0.9 0.9 0.6 9.33465e-08 4.51028e-17 -4.21538e-15
399 1 0.9 0.8 0.7 9.33465e-08 -2.56739e-16 -3.57353e-16
400 1 0.8 0.9 0.7 0.0001324 -3.1225e-17 -3.64292e-16
401 1 0 0 0.8 0.000124189 4.80518e-16 -2.84495e-16
402 1 0.1 0.1 0.8 0.00460943 1.75207e-16 -2.81025e-16
403 1 0.1 0 0.9 0.00460943 3.53884e-16 2.08167e-17
404 1 0 0.1 0.9 0.000124189 1.249e-16 -4.16334e-17
405 1 0.2 0 0.8 -0.00370528 9.71391e-16 -2.41994e-16
406 1 0.3 0.1 0.8 0.0979042 1.17961e-16 -2.56739e-16
407 1 0.3 0 0.9 0.0979042 8.91648e-16 1.89085e-16
408 1 0.2 0.1 0.9 -0.00370528 1.51951e-16 1.86591e-16
409 1 0.402475 0 0.8 -0.212331 3.19189e-16 -2.9924e-16
410 1 0.5 0.1 0.8 0.108667 1.11022e-16 -2.8276e-16
411 1 0.5 0 0.9 0.108667 2.91434e-16 3.98986e-17
412 1 0.402475 0.1 0.9 -0.212331 1.11022e-16 8.41341e-17
413 1 0.6 0 0.8 -0.00275423 3.81639e-16 -2.74954e-16
414 1 0.7 0.1 0.8 0.00735375 6.93889e-18 -3.45806e-16
415 1 0.7 0 0.9 0.00735375 5.99618e-16 -1.99493e-17
416 1 0.6 0.1 0.9 -0.00275423 4.85723e-17 -8.67362e-19
417 1 0.8 0 0.8 0.0001324 5.75928e-16 -3.1225e-16
418 1 0.9 0.1 0.8 9.33465e-08 9.54098e-17 -3.43475e-16
419 1 0.9 0 0.9 9.33465e-08 5.27356e-16 -2.08167e-17
420 1 0.8 0.1 0.9 0.0001324 1.00614e-16 4.51028e-17
421 1 0 0.2 0.8 0.000124189 5.97612e-16 -2.35922e-16
422 1 0.1 0.3 0.8 0.00460943 -1.0044e-15 -2.28983e-16
423 1 0.1 0.2 0.9 0.00460943 1.21084e-15 -4.16334e-17
424 1 0 0.3 0.9 0.000124189 -5.27356e-16 1.73472e-17
425 1 0.2 0.2 0.8 -0.00370528 1.14958e-15 -2.44596e-16
426 1 0.3 0.3 0.8 0.0979042 -1.43635e-15 -2.32453e-16
427 1 0.3 0.2 0.9 0.0979042 9.84889e-16 9.55182e-17
428 1 0.2 0.3 0.9 -0.00370528 -1.46047e-15 6.37511e-17
429 1 0.402475 0.2 0.8 -0.212331 1.11976e-15 -2.63678e-16
430 1 0.5 0.3 0.8 0.108667 -8.14453e-16 -3.43475e-16
431 1 0.5 0.2 0.9 0.108667 1.01828e-15 -1.51788e-17
432 1 0.402475 0.3 0.9 -0.212331 -7.67181e-16 -3.01408e-17
433 1 0.6 0.2 0.8 -0.00275423 5.49907e-16 -3.31332e-16
434 1 0.7 0.3 0.8 0.00735375 -3.81639e-17 -2.6254e-16
435 1 0.7 0.2 0.9 0.00735375 1.08745e-16 4.27176e-17
436 1 0.6 0.3 0.9 -0.00275423 -3.12901e-16 5.3397e-17
437 1 0.8 0.2 0.8 0.0001324 3.46945e-17 -2.91434e-16
438 1 0.9 0.3 0.8 9.33465e-08 -1.73472e-17 -3.36536e-16
439 1 0.9 0.2 0.9 9.33465e-08 4.85723e-17 6.93889e-17
440 1 0.8 0.3 0.9 0.0001324 5.20417e-18 2.94903e-17
441 1 0 0.4 0.8 0.000124189 -1.99493e-17 -2.68882e-16
442 1 0.1 0.5 0.8 0.00460943 3.85803e-15 -3.22659e-16
443 1 0.1 0.4 0.9 0.00460943 6.93889e-18 5.72459e-17
444 1 0 0.5 0.9 0.000124189 3.89966e-15 -2.08167e-17
445 1 0.2 0.4 0.8 -0.00370528 -6.93889e-18 -2.86229e-16
446 1 0.3 0.5 0.8 0.0979042 4.13385e-15 -2.63678e-16
447 1 0.3 0.4 0.9 0.0979042 -8.32667e-17 6.67869e-17
448 1 0.2 0.5 0.9 -0.00370528 4.23966e-15 3.42608e-17
449 1 0.402475 0.4 0.8 -0.212331 -2.08167e-17 -2.35922e-16
450 1 0.5 0.5 0.8 0.108667 4.0341e-15 -2.75821e-16
451 1 0.5 0.4 0.9 0.108667 1.50921e-16 -7.11237e-17
452 1 0.402475 0.5 0.9 -0.212331 3.868e-15 -1.45283e-17
453 1 0.6 0.4 0.8 -0.00275423 1.33574e-16 -2.5327e-16
454 1 0.7 0.5 0.8 0.00735375 3.94216e-15 -3.23255e-16
455 1 0.7 0.4 0.9 0.00735375 6.0119e-17 3.55618e-17
456 1 0.6 0.5 0.9 -0.00275423 3.9363e-15 2.30393e-17
457 1 0.8 0.4 0.8 0.0001324 1.2837e-16 -3.62557e-16
458 1 0.9 0.5 0.8 9.33465e-08 4.06446e-15 -2.56739e-16
459 1 0.9 0.4 0.9 9.33465e-08 9.02056e-17 6.93889e-18
460 1 0.8 0.5 0.9 0.0001324 4.09568e-15 1.56125e-17
461 1 0 0.6 0.8 0.000124189 -4.11303e-15 -2.8276e-16
462 1 0.1 0.7 0.8 0.00460943 -2.74086e-16 -3.13985e-16
463 1 0.1 0.6 0.9 0.00460943 -4.00027e-15 4.94396e-17
464 1 0 0.7 0.9 0.000124189 -2.35922e-16 6.245e-17
465 1 0.2 0.6 0.8 -0.00370528 -4.37644e-15 -2.91434e-16
466 1 0.3 0.7 0.8 0.0979042 -3.64617e-16 -2.4362e-16
467 1 0.3 0.6 0.9 0.0979042 -4.26048e-15 5.20417e-18
468 1 0.2 0.7 0.9 -0.00370528 -4.00504e-16 -1.19804e-17
469 1 0.402475 0.6 0.8 -0.212331 -4.10089e-15 -3.1572e-16
470 1 0.5 0.7 0.8 0.108667 -3.37946e-16 -2.85796e-16
471 1 0.5 0.6 0.9 0.108667 -4.27956e-15 4.33681e-18
472 1 0.402475 0.7 0.9 -0.212331 -3.66894e-16 5.46438e-17
473 1 0.6 0.6 0.8 -0.00275423 -4.18068e-15 -2.86229e-16
474 1 0.7 0.7 0.8 0.00735375 -2.03505e-16 -2.83139e-16
475 1 0.7 0.6 0.9 0.00735375 -4.24346e-15 7.45931e-17
476 1 0.6 0.7 0.9 -0.00275423 -1.26635e-16 2.62919e-17
477 1 0.8 0.6 0.8 0.0001324 -4.29864e-15 -2.96638e-16
478 1 0.9 0.7 0.8 9.33465e-08 -3.14852e-16 -2.87964e-16
479 1 0.9 0.6 0.9 9.33465e-08 -4.23966e-15 3.46945e-18
480 1 0.8 0.7 0.9 0.0001324 -3.83374e-16 1.9082e-17
481 1 0 0.8 0.8 0.000124189 -2.41994e-16 -2.48065e-16
482 1 0.1 0.9 0.8 0.00460943 -3.46945e-18 -2.74086e-16
483 1 0.1 0.8 0.9 0.00460943 -2.70617e-16 -8.67362e-19
484 1 0 0.9 0.9 0.000124189 -6.93889e-18 -3.1225e-17
485 1 0.2 0.8 0.8 -0.00370528 -2.61943e-16 -2.75821e-16
486 1 0.3 0.9 0.8 0.0979042 1.02349e-16 -2.65413e-16
487 1 0.3 0.8 0.9 0.0979042 -2.28983e-16 2.25514e-17
488 1 0.2 0.9 0.9 -0.00370528 1.22406e-16 9.11814e-17
489 1 0.402475 0.8 0.8 -0.212331 -2.37657e-16 -3.322e-16
490 1 0.5 0.9 0.8 0.108667 9.88792e-17 -2.93168e-16
491 1 0.5 0.8 0.9 0.108667 -2.39392e-16 0
492 1 0.402475 0.9 0.9 -0.212331 1.39645e-16 1.10155e-16
493 1 0.6 0.8 0.8 -0.00275423 -2.34188e-16 -3.38271e-16
494 1 0.7 0.9 0.8 0.00735375 2.68882e-17 -3.14581e-16
495 1 0.7 0.8 0.9 0.00735375 -2.8856e-16 -3.29597e-17
496 1 0.6 0.9 0.9 -0.00275423 -2.60209e-17 3.1225e-17
497 1 0.8 0.8 0.8 0.0001324 -2.7929e-16 -2.55004e-16
498 1 0.9 0.9 0.8 9.33465e-08 8.32667e-17 -3.22659e-16
499 1 0.9 0.8 0.9 9.33465e-08 -2.98372e-16 -4.16334e-17
500 1 0.8 0.9 0.9 0.0001324 3.1225e-17 -3.29597e-17
1 1 0 0 0 0.000124189 3.747e-16 3.57353e-16
2 1 0.1 0.1 0 0.00460943 5.72459e-17 1.05818e-16
3 1 0.1 0 0.1 0.00460943 3.81639e-17 5.37764e-17
4 1 0 0.1 0.1 0.000124189 1.249e-16 9.36751e-17
5 1 0.2 0 0 -0.00370528 8.11796e-16 7.38071e-16
6 1 0.3 0.1 0 0.0979042 9.02056e-17 7.37257e-16
7 1 0.3 0 0.1 0.0979042 7.45931e-16 4.85723e-17
8 1 0.2 0.1 0.1 -0.00370528 2.07462e-16 1.36338e-16
9 1 0.402475 0 0 -0.212331 2.42861e-16 3.86843e-16
10 1 0.5 0.1 0 0.108667 7.63278e-17 8.84709e-17
11 1 0.5 0 0.1 0.108667 5.55112e-17 1.56125e-17
12 1 0.402475 0.1 0.1 -0.212331 -5.55112e-17 2.08167e-17
13 1 0.6 0 0 -0.00275423 2.70617e-16 2.68015e-16
14 1 0.7 0.1 0 0.00735375 4.16334e-17 3.56757e-16
15 1 0.7 0 0.1 0.00735375 2.94307e-16 1.04083e-16
16 1 0.6 0.1 0.1 -0.00275423 -2.08167e-17 2.25514e-17
17 1 0.8 0 0 0.0001324 4.78784e-16 5.41234e-16
18 1 0.9 0.1 0 9.33465e-08 1.38778e-16 3.95517e-16
19 1 0.9 0 0.1 9.33465e-08 3.46945e-16 1.00614e-16
20 1 0.8 0.1 0.1 0.0001324 3.1225e-17 6.59195e-17
21 1 0 0.2 0 0.000124189 1.16226e-15 7.70217e-16
22 1 0.1 0.3 0 0.00460943 -1.33053e-15 7.00828e-16
23 1 0.1 0.2 0.1 0.00460943 2.35575e-15 2.26381e-16
24 1 0 0.3 0.1 0.000124189 -1.35308e-15 9.71445e-17
25 1 0.2 0.2 0 -0.00370528 1.69255e-15 1.22802e-15
26 1 0.3 0.3 0 0.0979042 -1.85171e-15 1.38431e-15
27 1 0.3 0.2 0.1 0.0979042 2.12113e-15 1.18991e-16
28 1 0.2 0.3 0.1 -0.00370528 -2.29385e-15 7.56231e-17
29 1 0.402475 0.2 0 -0.212331 1.60072e-15 8.04803e-16
30 1 0.5 0.3 0 0.108667 -1.20748e-15 7.49401e-16
31 1 0.5 0.2 0.1 0.108667 2.158e-15 1.28912e-16
32 1 0.402475 0.3 0.1 -0.212331 -1.73852e-15 1.17961e-16
33 1 0.6 0.2 0 -0.00275423 1.08594e-15 8.04857e-16
34 1 0.7 0.3 0 0.00735375 -3.99962e-16 1.00901e-15
35 1 0.7 0.2 0.1 0.00735375 1.11662e-15 -8.40257e-18
36 1 0.6 0.3 0.1 -0.00275423 -1.29112e-15 6.93889e-18
37 1 0.8 0.2 0 0.0001324 6.14092e-16 1.079e-15
38 1 0.9 0.3 0 9.33465e-08 -4.83988e-16 9.99201e-16
39 1 0.9 0.2 0.1 9.33465e-08 1.09635e-15 8.32667e-17
40 1 0.8 0.3 0.1 0.0001324 -9.78384e-16 3.46945e-18
41 1 0 0.4 0 0.000124189 -4.77049e-17 4.51028e-16
42 1 0.1 0.5 0 0.00460943 3.73139e-15 2.44596e-16
43 1 0.1 0.4 0.1 0.00460943 5.20417e-17 3.46945e-17
44 1 0 0.5 0.1 0.000124189 3.76782e-15 1.21431e-16
45 1 0.2 0.4 0 -0.00370528 -1.11131e-16 9.36696e-16
46 1 0.3 0.5 0 0.0979042 3.96482e-15 8.29198e-16
47 1 0.3 0.4 0.1 0.0979042 -5.20417e-18 9.71445e-17
48 1 0.2 0.5 0.1 -0.00370528 4.03817e-15 9.64398e-17
49 1 0.402475 0.4 0 -0.212331 -1.01048e-16 2.91434e-16
50 1 0.5 0.5 0 0.108667 3.98108e-15 2.35922e-16
51 1 0.5 0.4 0.1 0.108667 8.67362e-18 5.55112e-17
52 1 0.402475 0.5 0.1 -0.212331 3.7463e-15 9.02056e-17
53 1 0.6 0.4 0 -0.00275423 5.31259e-17 3.19189e-16
54 1 0.7 0.5 0 0.00735375 3.79113e-15 4.26146e-16
55 1 0.7 0.4 0.1 0.00735375 1.08691e-16 -1.17961e-16
56 1 0.6 0.5 0.1 -0.00275423 3.60725e-15 6.93889e-18
57 1 0.8 0.4 0 0.0001324 6.59195e-17 5.72459e-16
58 1 0.9 0.5 0 9.33465e-08 3.83374e-15 4.33681e-16
59 1 0.9 0.4 0.1 9.33465e-08 -2.77556e-17 -3.46945e-18
60 1 0.8 0.5 0.1 0.0001324 3.83547e-15 3.1225e-17
61 1 0 0.6 0 0.000124189 -3.89445e-15 2.94903e-16
62 1 0.1 0.7 0 0.00460943 -2.93168e-16 3.48679e-16
63 1 0.1 0.6 0.1 0.00460943 -3.90486e-15 1.89085e-16
64 1 0 0.7 0.1 0.000124189 -2.22045e-16 5.55112e-17
65 1 0.2 0.6 0 -0.00370528 -4.27398e-15 7.70163e-16
66 1 0.3 0.7 0 0.0979042 -3.41198e-16 9.58543e-16
67 1 0.3 0.6 0.1 0.0979042 -4.05031e-15 1.31839e-16
68 1 0.2 0.7 0.1 -0.00370528 -2.33971e-16 1.51951e-16
69 1 0.402475 0.6 0 -0.212331 -3.94129e-15 3.05311e-16
70 1 0.5 0.7 0 0.108667 -2.61618e-16 3.09214e-16
71 1 0.5 0.6 0.1 0.108667 -4.02602e-15 9.02056e-17
72 1 0.402475 0.7 0.1 -0.212331 -1.61329e-16 1.59595e-16
73 1 0.6 0.6 0 -0.00275423 -3.96384e-15 2.35922e-16
74 1 0.7 0.7 0 0.00735375 -3.17996e-16 5.14833e-16
75 1 0.7 0.6 0.1 0.00735375 -3.98298e-15 -1.11022e-16
76 1 0.6 0.7 0.1 -0.00275423 -1.07553e-16 -9.71445e-17
77 1 0.8 0.6 0 0.0001324 -4.09742e-15 3.57353e-16
78 1 0.9 0.7 0 9.33465e-08 -3.01842e-16 5.27356e-16
79 1 0.9 0.6 0.1 9.33465e-08 -4.06619e-15 1.31839e-16
80 1 0.8 0.7 0.1 0.0001324 -1.31839e-16 5.20417e-17
81 1 0 0.8 0 0.000124189 -3.01842e-16 4.33681e-16
82 1 0.1 0.9 0 0.00460943 5.72459e-17 3.43475e-16
83 1 0.1 0.8 0.1 0.00460943 -2.5327e-16 2.2031e-16
84 1 0 0.9 0.1 0.000124189 -2.08167e-17 1.80411e-16
85 1 0.2 0.8 0 -0.00370528 -2.43729e-16 9.62717e-16
86 1 0.3 0.9 0 0.0979042 1.95156e-16 9.59302e-16
87 1 0.3 0.8 0.1 0.0979042 -2.25514e-16 2.60209e-16
88 1 0.2 0.9 0.1 -0.00370528 6.60279e-17 1.90115e-16
89 1 0.402475 0.8 0 -0.212331 -2.43729e-16 4.571e-16
90 1 0.5 0.9 0 0.108667 1.07553e-16 2.74086e-16
91 1 0.5 0.8 0.1 0.108667 -2.72352e-16 1.8735e-16
92 1 0.402475 0.9 0.1 -0.212331 8.67362e-17 1.17961e-16
93 1 0.6 0.8 0 -0.00275423 -2.41994e-16 4.16334e-16
94 1 0.7 0.9 0 0.00735375 1.64799e-17 5.47576e-16
95 1 0.7 0.8 0.1 0.00735375 -2.93765e-16 9.88792e-17
96 1 0.6 0.9 0.1 -0.00275423 3.46945e-18 5.37764e-17
97 1 0.8 0.8 0 0.0001324 -3.93782e-16 4.97866e-16
98 1 0.9 0.9 0 9.33465e-08 6.59195e-17 5.30825e-16
99 1 0.9 0.8 0.1 9.33465e-08 -2.91434e-16 1.9082e-16
100 1 0.8 0.9 0.1 0.0001324 3.46945e-17 2.04697e-16
101 1 0 0 0.2 0.000124189 7.61544e-16 1.2091e-15
102 1 0.1 0.1 0.2 0.00460943 1.66533e-16 2.38871e-15
103 1 0.1 0 0.3 0.00460943 7.35523e-16 -1.33227e-15
104 1 0 0.1 0.3 0.000124189 9.71445e-17 -1.32533e-15
105 1 0.2 0 0.2 -0.00370528 1.1865e-15 1.634e-15
106 1 0.3 0.1 0.2 0.0979042 2.498e-16 2.02616e-15
107 1 0.3 0 0.3 0.0979042 1.31492e-15 -1.97065e-15
108 1 0.2 0.1 0.3 -0.00370528 1.65829e-16 -2.36416e-15
109 1 0.402475 0 0.2 -0.212331 6.52256e-16 1.56125e-15
110 1 0.5 0.1 0.2 0.108667 1.04083e-16 2.15279e-15
111 1 0.5 0 0.3 0.108667 7.91034e-16 -1.2039e-15
112 1 0.402475 0.1 0.3 -0.212331 1.04083e-16 -1.746e-15
113 1 0.6 0 0.2 -0.00275423 7.70217e-16 1.07379e-15
114 1 0.7 0.1 0.2 0.00735375 2.08167e-17 1.20336e-15
115 1 0.7 0 0.3 0.00735375 9.95135e-16 -5.17815e-16
116 1 0.6 0.1 0.3 -0.00275423 -2.08167e-17 -1.26375e-15
117 1 0.8 0 0.2 0.0001324 9.47159e-16 5.96745e-16
118 1 0.9 0.1 0.2 9.33465e-08 5.0307e-17 1.08941e-15
119 1 0.9 0 0.3 9.33465e-08 9.15934e-16 -4.78784e-16
120 1 0.8 0.1 0.3 0.0001324 3.81639e-17 -9.66241e-16
121 1 0 0.2 0.2 0.000124189 1.59855e-15 1.68268e-15
122 1 0.1 0.3 0.2 0.00460943 -2.32626e-15 1.65319e-15
123 1 0.1 0.2 0.3 0.00460943 1.65493e-15 -2.243e-15
124 1 0 0.3 0.3 0.000124189 -1.33921e-15 -1.34268e-15
125 1 0.2 0.2 0.2 -0.00370528 2.10194e-15 2.06719e-15
126 1 0.3 0.3 0.2 0.0979042 -2.8179e-15 1.4615e-15
127 1 0.3 0.2 0.3 0.0979042 1.50531e-15 -2.66697e-15
128 1 0.2 0.3 0.3 -0.00370528 -2.20017e-15 -2.24153e-15
129 1 0.402475 0.2 0.2 -0.212331 1.99927e-15 2.04085e-15
130 1 0.5 0.3 0.2 0.108667 -2.06069e-15 1.4936e-15
131 1 0.5 0.2 0.3 0.108667 1.4589e-15 -2.05592e-15
132 1 0.402475 0.3 0.3 -0.212331 -1.76454e-15 -1.70653e-15
133 1 0.6 0.2 0.2 -0.00275423 1.51788e-15 1.50222e-15
134 1 0.7 0.3 0.2 0.00735375 -1.35384e-15 5.30717e-16
135 1 0.7 0.2 0.3 0.00735375 5.40692e-16 -1.24054e-15
136 1 0.6 0.3 0.3 -0.00275423 -1.19051e-15 -1.19555e-15
137 1 0.8 0.2 0.2 0.0001324 1.079e-15 1.04083e-15
138 1 0.9 0.3 0.2 9.33465e-08 -1.31926e-15 4.85723e-16
139 1 0.9 0.2 0.3 9.33465e-08 5.27356e-16 -1.34615e-15
140 1 0.8 0.3 0.3 0.0001324 -9.28077e-16 -9.12465e-16
141 1 0 0.4 0.2 0.000124189 -3.20924e-17 6.45317e-16
142 1 0.1 0.5 0.2 0.00460943 4.01935e-15 1.53696e-15
143 1 0.1 0.4 0.3 0.00460943 -6.59195e-17 -9.53231e-16
144 1 0 0.5 0.3 0.000124189 4.23966e-15 -7.77156e-16
145 1 0.2 0.4 0.2 -0.00370528 -4.16334e-17 1.11142e-15
146 1 0.3 0.5 0.2 0.0979042 4.19516e-15 1.41987e-15
147 1 0.3 0.4 0.3 0.0979042 0 -1.36534e-15
148 1 0.2 0.5 0.3 -0.00370528 4.46664e-15 -1.68382e-15
149 1 0.402475 0.4 0.2 -0.212331 -1.31839e-16 1.05384e-15
150 1 0.5 0.5 0.2 0.108667 4.19077e-15 1.41033e-15
151 1 0.5 0.4 0.3 0.108667 7.80626e-17 -6.61797e-16
152 1 0.402475 0.5 0.3 -0.212331 4.06896e-15 -1.21214e-15
153 1 0.6 0.4 0.2 -0.00275423 1.02349e-16 5.08274e-16
154 1 0.7 0.5 0.2 0.00735375 4.02949e-15 5.68881e-16
155 1 0.7 0.4 0.3 0.00735375 8.26704e-17 6.27753e-17
156 1 0.6 0.5 0.3 -0.00275423 4.03573e-15 -6.04009e-16
157 1 0.8 0.4 0.2 0.0001324 3.46945e-17 9.36751e-17
158 1 0.9 0.5 0.2 9.33465e-08 4.27523e-15 4.82253e-16
159 1 0.9 0.4 0.3 9.33465e-08 0 1.04083e-17
160 1 0.8 0.5 0.3 0.0001324 4.2865e-15 -3.98986e-16
161 1 0 0.6 0.2 0.000124189 -4.29431e-15 1.03736e-15
162 1 0.1 0.7 0.2 0.00460943 -2.51535e-16 1.19349e-15
163 1 0.1 0.6 0.3 0.00460943 -4.27262e-15 -1.18395e-15
164 1 0 0.7 0.3 0.000124189 -1.73472e-16 -4.47559e-16
165 1 0.2 0.6 0.2 -0.00370528 -4.6225e-15 1.48785e-15
166 1 0.3 0.7 0.2 0.0979042 -3.18647e-16 9.55995e-16
167 1 0.3 0.6 0.3 0.0979042 -4.50481e-15 -1.66718e-15
168 1 0.2 0.7 0.3 -0.00370528 -2.20093e-16 -1.43012e-15
169 1 0.402475 0.6 0.2 -0.212331 -4.18562e-15 1.56212e-15
170 1 0.5 0.7 0.2 0.108667 -1.59269e-16 1.02229e-15
171 1 0.5 0.6 0.3 0.108667 -4.53083e-15 -1.13104e-15
172 1 0.402475 0.7 0.3 -0.212331 -1.82146e-16 -8.74734e-16
173 1 0.6 0.6 0.2 -0.00275423 -4.25327e-15 9.28077e-16
174 1 0.7 0.7 0.2 0.00735375 -1.12432e-16 1.44145e-16
175 1 0.7 0.6 0.3 0.00735375 -4.45656e-15 -2.45138e-16
176 1 0.6 0.7 0.3 -0.00275423 -1.04083e-16 -2.30176e-16
177 1 0.8 0.6 0.2 0.0001324 -4.49293e-15 5.41234e-16
178 1 0.9 0.7 0.2 9.33465e-08 -1.85615e-16 7.28584e-17
179 1 0.9 0.6 0.3 9.33465e-08 -4.57273e-15 -3.60822e-16
180 1 0.8 0.7 0.3 0.0001324 -5.37764e-17 -6.93889e-18
181 1 0 0.8 0.2 0.000124189 -2.40259e-16 6.2797e-16
182 1 0.1 0.9 0.2 0.00460943 -2.08167e-17 1.27502e-15
183 1 0.1 0.8 0.3 0.00460943 -2.61943e-16 -9.80119e-16
184 1 0 0.9 0.3 0.000124189 6.93889e-18 -5.16948e-16
185 1 0.2 0.8 0.2 -0.00370528 -2.58474e-16 1.11315e-15
186 1 0.3 0.9 0.2 0.0979042 6.33174e-17 9.83588e-16
187 1 0.3 0.8 0.3 0.0979042 -3.10516e-16 -1.55605e-15
188 1 0.2 0.9 0.3 -0.00370528 4.86807e-17 -1.52715e-15
189 1 0.402475 0.8 0.2 -0.212331 -2.09902e-16 1.05124e-15
190 1 0.5 0.9 0.2 0.108667 4.85723e-17 1.02869e-15
191 1 0.5 0.8 0.3 0.108667 -2.7929e-16 -8.27463e-16
192 1 0.402475 0.9 0.3 -0.212331 8.84709e-17 -9.02056e-16
193 1 0.6 0.8 0.2 -0.00275423 -2.41127e-16 5.07407e-16
194 1 0.7 0.9 0.2 0.00735375 5.46438e-17 1.40838e-16
195 1 0.7 0.8 0.3 0.00735375 -2.52131e-16 1.04083e-17
196 1 0.6 0.9 0.3 -0.00275423 8.67362e-18 -3.21791e-16
197 1 0.8 0.8 0.2 0.0001324 -2.8276e-16 1.73472e-17
198 1 0.9 0.9 0.2 9.33465e-08 3.46945e-17 3.46945e-18
199 1 0.9 0.8 0.3 9.33465e-08 -2.77556e-16 -1.07553e-16
200 1 0.8 0.9 0.3 0.0001324 -8.67362e-17 -1.17961e-16
201 1 0 0 0.4 0.000124189 4.05925e-16 -7.11237e-17
202 1 0.1 0.1 0.4 0.00460943 6.93889e-18 -4.16334e-17
203 1 0.1 0 0.5 0.00460943 1.42247e-16 3.72185e-15
204 1 0 0.1 0.5 0.000124189 6.93889e-17 3.72272e-15
205 1 0.2 0 0.4 -0.00370528 8.60369e-16 -1.86483e-16
206 1 0.3 0.1 0.4 0.0979042 1.11022e-16 1.21431e-17
207 1 0.3 0 0.5 0.0979042 6.80012e-16 4.09135e-15
208 1 0.2 0.1 0.5 -0.00370528 6.86842e-17 3.99604e-15
209 1 0.402475 0 0.4 -0.212331 2.63678e-16 -1.35308e-16
210 1 0.5 0.1 0.4 0.108667 3.46945e-17 1.56125e-17
211 1 0.5 0 0.5 0.108667 2.498e-16 3.96211e-15
212 1 0.402475 0.1 0.5 -0.212331 1.11022e-16 3.69149e-15
213 1 0.6 0 0.4 -0.00275423 2.63678e-16 1.73472e-17
214 1 0.7 0.1 0.4 0.00735375 -1.38778e-17 -7.34547e-17
215 1 0.7 0 0.5 0.00735375 2.80429e-16 3.85976e-15
216 1 0.6 0.1 0.5 -0.00275423 4.16334e-17 3.71144e-15
217 1 0.8 0 0.4 0.0001324 4.96131e-16 1.19696e-16
218 1 0.9 0.1 0.4 9.33465e-08 -3.46945e-17 2.77556e-17
219 1 0.9 0 0.5 9.33465e-08 3.33067e-16 3.8268e-15
220 1 0.8 0.1 0.5 0.0001324 2.42861e-17 3.94823e-15
221 1 0 0.2 0.4 0.000124189 6.01949e-16 -9.71445e-17
222 1 0.1 0.3 0.4 0.00460943 -8.55219e-16 6.07153e-17
223 1 0.1 0.2 0.5 0.00460943 1.43982e-15 3.89966e-15
224 1 0 0.3 0.5 0.000124189 -7.35523e-16 4.2015e-15
225 1 0.2 0.2 0.4 -0.00370528 1.21897e-15 -1.45717e-16
226 1 0.3 0.3 0.4 0.0979042 -1.29671e-15 -1.04083e-17
227 1 0.3 0.2 0.5 0.0979042 1.52439e-15 4.23186e-15
228 1 0.2 0.3 0.5 -0.00370528 -1.61123e-15 4.43048e-15
229 1 0.402475 0.2 0.4 -0.212331 1.0365e-15 -1.76942e-16
230 1 0.5 0.3 0.4 0.108667 -6.98226e-16 -4.85723e-17
231 1 0.5 0.2 0.5 0.108667 1.36002e-15 4.27739e-15
232 1 0.402475 0.3 0.5 -0.212331 -1.10014e-15 4.16897e-15
233 1 0.6 0.2 0.4 -0.00275423 5.37764e-16 -5.72459e-17
234 1 0.7 0.3 0.4 0.00735375 1.73472e-17 8.07731e-18
235 1 0.7 0.2 0.5 0.00735375 5.11201e-16 4.10837e-15
236 1 0.6 0.3 0.5 -0.00275423 -5.79886e-16 4.15737e-15
237 1 0.8 0.2 0.4 0.0001324 9.02056e-17 -2.94903e-17
238 1 0.9 0.3 0.4 9.33465e-08 5.81132e-17 -5.55112e-17
239 1 0.9 0.2 0.5 9.33465e-08 4.71845e-16 4.26395e-15
240 1 0.8 0.3 0.5 0.0001324 -4.11129e-16 4.39232e-15
241 1 0 0.4 0.4 0.000124189 -2.51535e-17 -1.9082e-17
242 1 0.1 0.5 0.4 0.00460943 3.73486e-15 1.23165e-16
243 1 0.1 0.4 0.5 0.00460943 -4.68375e-17 3.7418e-15
244 1 0 0.5 0.5 0.000124189 3.83027e-15 3.78864e-15
245 1 0.2 0.4 0.4 -0.00370528 -1.63064e-16 -4.85723e-17
246 1 0.3 0.5 0.4 0.0979042 3.89619e-15 -1.00614e-16
247 1 0.3 0.4 0.5 0.0979042 -5.37764e-17 3.93858e-15
248 1 0.2 0.5 0.5 -0.00370528 3.99566e-15 3.97859e-15
249 1 0.402475 0.4 0.4 -0.212331 -2.94903e-17 -5.72459e-17
250 1 0.5 0.5 0.4 0.108667 3.96645e-15 5.20417e-18
251 1 0.5 0.4 0.5 0.108667 1.73472e-17 4.01242e-15
252 1 0.402475 0.5 0.5 -0.212331 3.65176e-15 3.69279e-15
253 1 0.6 0.4 0.4 -0.00275423 1.07553e-16 -1.73472e-18
254 1 0.7 0.5 0.4 0.00735375 3.83894e-15 7.39968e-17
255 1 0.7 0.4 0.5 0.00735375 1.05222e-16 4.04483e-15
256 1 0.6 0.5 0.5 -0.00275423 3.70092e-15 3.73237e-15
257 1 0.8 0.4 0.4 0.0001324 3.81639e-17 -7.28584e-17
258 1 0.9 0.5 0.4 9.33465e-08 4.02803e-15 2.42861e-17
259 1 0.9 0.4 0.5 9.33465e-08 8.32667e-17 4.03844e-15
260 1 0.8 0.5 0.5 0.0001324 3.96211e-15 3.9465e-15
261 1 0 0.6 0.4 0.000124189 -3.97078e-15 4.68375e-17
262 1 0.1 0.7 0.4 0.00460943 -1.11022e-16 3.64292e-17
263 1 0.1 0.6 0.5 0.00460943 -3.77302e-15 3.57787e-15
264 1 0 0.7 0.5 0.000124189 -1.94289e-16 3.86843e-15
265 1 0.2 0.6 0.4 -0.00370528 -4.28276e-15 -5.37764e-17
266 1 0.3 0.7 0.4 0.0979042 -1.50379e-16 -7.58942e-19
267 1 0.3 0.6 0.5 0.0979042 -3.99133e-15 3.88134e-15
268 1 0.2 0.7 0.5 -0.00370528 -6.04985e-17 4.23012e-15
269 1 0.402475 0.6 0.4 -0.212331 -3.96384e-15 -6.76542e-17
270 1 0.5 0.7 0.4 0.108667 -1.32381e-16 7.67615e-17
271 1 0.5 0.6 0.5 0.108667 -4.05551e-15 3.86149e-15
272 1 0.402475 0.7 0.5 -0.212331 -1.50921e-16 3.88968e-15
273 1 0.6 0.6 0.4 -0.00275423 -3.94997e-15 9.88792e-17
274 1 0.7 0.7 0.4 0.00735375 -1.79219e-16 -2.8135e-17
275 1 0.7 0.6 0.5 0.00735375 -3.99859e-15 3.90866e-15
276 1 0.6 0.7 0.5 -0.00275423 -2.04697e-16 3.90844e-15
277 1 0.8 0.6 0.4 0.0001324 -4.1217e-15 6.07153e-17
278 1 0.9 0.7 0.4 9.33465e-08 -1.89085e-16 8.32667e-17
279 1 0.9 0.6 0.5 9.33465e-08 -4.08007e-15 4.01415e-15
280 1 0.8 0.7 0.5 0.0001324 -2.96638e-16 4.15293e-15
281 1 0 0.8 0.4 0.000124189 -2.48065e-16 7.11237e-17
282 1 0.1 0.9 0.4 0.00460943 -5.89806e-17 7.63278e-17
283 1 0.1 0.8 0.5 0.00460943 -2.65413e-16 3.83634e-15
284 1 0 0.9 0.5 0.000124189 -3.46945e-17 3.90313e-15
285 1 0.2 0.8 0.4 -0.00370528 -2.91434e-16 6.07153e-17
286 1 0.3 0.9 0.4 0.0979042 4.0766e-17 7.45931e-17
287 1 0.3 0.8 0.5 0.0979042 -2.67147e-16 4.26048e-15
288 1 0.2 0.9 0.5 -0.00370528 -6.40763e-17 4.31003e-15
289 1 0.402475 0.8 0.4 -0.212331 -2.63678e-16 1.12757e-17
290 1 0.5 0.9 0.4 0.108667 3.46945e-17 1.38778e-16
291 1 0.5 0.8 0.5 0.108667 -3.33067e-16 4.13905e-15
292 1 0.402475 0.9 0.5 -0.212331 -3.46945e-18 3.93262e-15
293 1 0.6 0.8 0.4 -0.00275423 -2.2031e-16 -3.98986e-17
294 1 0.7 0.9 0.4 0.00735375 -9.54098e-18 6.35885e-17
295 1 0.7 0.8 0.5 0.00735375 -2.55601e-16 4.0367e-15
296 1 0.6 0.9 0.5 -0.00275423 -5.37764e-17 3.96124e-15
297 1 0.8 0.8 0.4 0.0001324 -3.1225e-16 7.97973e-17
298 1 0.9 0.9 0.4 9.33465e-08 2.42861e-17 8.32667e-17
299 1 0.9 0.8 0.5 9.33465e-08 -2.98372e-16 4.05578e-15
300 1 0.8 0.9 0.5 0.0001324 -3.46945e-18 4.19283e-15
301 1 0 0 0.6 0.000124189 2.81025e-16 -4.00374e-15
302 1 0.1 0.1 0.6 0.00460943 2.08167e-17 -3.77302e-15
303 1 0.1 0 0.7 0.00460943 3.64292e-16 -2.09902e-16
304 1 0 0.1 0.7 0.000124189 6.93889e-18 -1.38778e-16
305 1 0.2 0 0.6 -0.00370528 7.97919e-16 -4.25674e-15
306 1 0.3 0.1 0.6 0.0979042 -6.93889e-17 -3.97252e-15
307 1 0.3 0 0.7 0.0979042 8.08381e-16 -3.20924e-16
308 1 0.2 0.1 0.7 -0.00370528 8.2562e-17 -2.1066e-16
309 1 0.402475 0 0.6 -0.212331 2.28983e-16 -3.93956e-15
310 1 0.5 0.1 0.6 0.108667 9.71445e-17 -4.00548e-15
311 1 0.5 0 0.7 0.108667 2.63678e-16 -2.2031e-16
312 1 0.402475 0.1 0.7 -0.212331 9.71445e-17 -2.85362e-16
313 1 0.6 0 0.6 -0.00275423 2.35922e-16 -3.98986e-15
314 1 0.7 0.1 0.6 0.00735375 0 -3.98152e-15
315 1 0.7 0 0.7 0.00735375 5.2329e-16 -1.81279e-16
316 1 0.6 0.1 0.7 -0.00275423 -4.16334e-17 -1.14492e-16
317 1 0.8 0 0.6 0.0001324 3.7817e-16 -4.1165e-15
318 1 0.9 0.1 0.6 9.33465e-08 6.93889e-17 -4.05925e-15
319 1 0.9 0 0.7 9.33465e-08 4.57967e-16 -2.42861e-16
320 1 0.8 0.1 0.7 0.0001324 1.04083e-17 -1.78677e-16
321 1 0 0.2 0.6 0.000124189 1.0443e-15 -4.31426e-15
322 1 0.1 0.3 0.6 0.00460943 -1.19176e-15 -4.3663e-15
323 1 0.1 0.2 0.7 0.00460943 1.18655e-15 -7.28584e-17
324 1 0 0.3 0.7 0.000124189 -4.30211e-16 -1.04083e-16
325 1 0.2 0.2 0.6 -0.00370528 1.5902e-15 -4.64331e-15
326 1 0.3 0.3 0.6 0.0979042 -1.59248e-15 -4.49467e-15
327 1 0.3 0.2 0.7 0.0979042 1.04344e-15 -1.79435e-16
328 1 0.2 0.3 0.7 -0.00370528 -1.39613e-15 -1.75424e-16
329 1 0.402475 0.2 0.6 -0.212331 1.56906e-15 -4.19776e-15
330 1 0.5 0.3 0.6 0.108667 -1.05558e-15 -4.54498e-15
331 1 0.5 0.2 0.7 0.108667 1.02522e-15 -2.21286e-16
332 1 0.402475 0.3 0.7 -0.212331 -7.63549e-16 -1.75424e-16
333 1 0.6 0.2 0.6 -0.00275423 9.59302e-16 -4.29143e-15
334 1 0.7 0.3 0.6 0.00735375 -2.7929e-16 -4.43775e-15
335 1 0.7 0.2 0.7 0.00735375 5.14996e-17 -1.78893e-16
336 1 0.6 0.3 0.7 -0.00275423 -2.79833e-16 -1.07119e-16
337 1 0.8 0.2 0.6 0.0001324 5.44703e-16 -4.47038e-15
338 1 0.9 0.3 0.6 9.33465e-08 -3.70363e-16 -4.56406e-15
339 1 0.9 0.2 0.7 9.33465e-08 4.16334e-17 -2.08167e-16
340 1 0.8 0.3 0.7 0.0001324 3.29597e-17 -2.27249e-16
341 1 0 0.4 0.6 0.000124189 3.98986e-17 -4.00548e-15
342 1 0.1 0.5 0.6 0.00460943 3.62904e-15 -3.7869e-15
343 1 0.1 0.4 0.7 0.00460943 3.46945e-17 -1.58727e-16
344 1 0 0.5 0.7 0.000124189 3.91354e-15 -1.97758e-16
345 1 0.2 0.4 0.6 -0.00370528 -4.85723e-17 -4.36603e-15
346 1 0.3 0.5 0.6 0.0979042 3.8216e-15 -4.0315e-15
347 1 0.3 0.4 0.7 0.0979042 -7.28584e-17 -2.74086e-16
348 1 0.2 0.5 0.7 -0.00370528 4.22205e-15 -1.68485e-16
349 1 0.402475 0.4 0.6 -0.212331 -7.63278e-17 -3.93435e-15
350 1 0.5 0.5 0.6 0.108667 3.87537e-15 -3.9968e-15
351 1 0.5 0.4 0.7 0.108667 1.47451e-16 -1.03758e-16
352 1 0.402475 0.5 0.7 -0.212331 3.82089e-15 -2.13588e-16
353 1 0.6 0.4 0.6 -0.00275423 1.75207e-16 -4.08354e-15
354 1 0.7 0.5 0.6 0.00735375 3.8294e-15 -4.05958e-15
355 1 0.7 0.4 0.7 0.00735375 1.17365e-16 -3.59955e-17
356 1 0.6 0.5 0.7 -0.00275423 3.86231e-15 -1.45283e-16
357 1 0.8 0.4 0.6 0.0001324 1.21431e-16 -4.19456e-15
358 1 0.9 0.5 0.6 9.33465e-08 3.91354e-15 -4.11823e-15
359 1 0.9 0.4 0.7 9.33465e-08 6.245e-17 -8.67362e-17
360 1 0.8 0.5 0.7 0.0001324 4.02456e-15 -1.68268e-16
361 1 0 0.6 0.6 0.000124189 -3.989e-15 -3.96558e-15
362 1 0.1 0.7 0.6 0.00460943 -1.02349e-16 -3.98986e-15
363 1 0.1 0.6 0.7 0.00460943 -4.0315e-15 -2.21177e-16
364 1 0 0.7 0.7 0.000124189 -1.73472e-16 -2.22045e-16
365 1 0.2 0.6 0.6 -0.00370528 -4.25501e-15 -4.19776e-15
366 1 0.3 0.7 0.6 0.0979042 -1.80737e-16 -4.31821e-15
367 1 0.3 0.6 0.7 0.0979042 -4.14225e-15 -1.81279e-16
368 1 0.2 0.7 0.7 -0.00370528 -2.86013e-16 -2.10986e-16
369 1 0.402475 0.6 0.6 -0.212331 -3.80598e-15 -3.8268e-15
370 1 0.5 0.7 0.6 0.108667 -1.94831e-16 -4.16952e-15
371 1 0.5 0.6 0.7 0.108667 -4.19424e-15 -2.62485e-16
372 1 0.402475 0.7 0.7 -0.212331 -2.41994e-16 -2.84711e-16
373 1 0.6 0.6 0.6 -0.00275423 -3.95864e-15 -3.94997e-15
374 1 0.7 0.7 0.6 0.00735375 -2.13913e-16 -4.18226e-15
375 1 0.7 0.6 0.7 0.00735375 -4.24319e-15 -2.15539e-16
376 1 0.6 0.7 0.7 -0.00275423 -1.36176e-16 -1.45283e-16
377 1 0.8 0.6 0.6 0.0001324 -4.02976e-15 -4.09568e-15
378 1 0.9 0.7 0.6 9.33465e-08 -2.30718e-16 -4.25875e-15
379 1 0.9 0.6 0.7 9.33465e-08 -4.27436e-15 -2.84495e-16
380 1 0.8 0.7 0.7 0.0001324 -2.09902e-16 -2.93168e-16
381 1 0 0.8 0.6 0.000124189 -2.48933e-16 -4.02109e-15
382 1 0.1 0.9 0.6 0.00460943 -4.85723e-17 -4.19977e-15
383 1 0.1 0.8 0.7 0.00460943 -2.56739e-16 -2.62811e-16
384 1 0 0.9 0.7 0.000124189 -2.08167e-17 -2.63678e-16
385 1 0.2 0.8 0.6 -0.00370528 -2.44596e-16 -4.46664e-15
386 1 0.3 0.9 0.6 0.0979042 8.23994e-17 -4.38191e-15
387 1 0.3 0.8 0.7 0.0979042 -2.11636e-16 -3.59088e-16
388 1 0.2 0.9 0.7 -0.00370528 5.38848e-17 -3.02601e-16
389 1 0.402475 0.8 0.6 -0.212331 -2.498e-16 -4.08701e-15
390 1 0.5 0.9 0.6 0.108667 -1.21431e-17 -4.25181e-15
391 1 0.5 0.8 0.7 0.108667 -2.55004e-16 -3.76435e-16
392 1 0.402475 0.9 0.7 -0.212331 -4.51028e-17 -4.04191e-16
393 1 0.6 0.8 0.6 -0.00275423 -2.96638e-16 -4.1616e-15
394 1 0.7 0.9 0.6 0.00735375 1.99493e-17 -4.2478e-15
395 1 0.7 0.8 0.7 0.00735375 -2.45192e-16 -2.81025e-16
396 1 0.6 0.9 0.7 -0.00275423 -3.03577e-17 -1.40513e-16
397 1 0.8 0.8 0.6 0.0001324 -2.98372e-16 -4.3264e-15
398 1 0.9 0.9 0.6 9.33465e-08 4.51028e-17 -4.21538e-15
399 1 0.9 0.8 0.7 9.33465e-08 -2.56739e-16 -3.57353e-16
400 1 0.8 0.9 0.7 0.0001324 -3.1225e-17 -3.64292e-16
401 1 0 0 0.8 0.000124189 4.80518e-16 -2.84495e-16
402 1 0.1 0.1 0.8 0.00460943 1.75207e-16 -2.81025e-16
403 1 0.1 0 0.9 0.00460943 3.53884e-16 2.08167e-17
404 1 0 0.1 0.9 0.000124189 1.249e-16 -4.16334e-17
405 1 0.2 0 0.8 -0.00370528 9.71391e-16 -2.41994e-16
406 1 0.3 0.1 0.8 0.0979042 1.17961e-16 -2.56739e-16
407 1 0.3 0 0.9 0.0979042 8.91648e-16 1.89085e-16
408 1 0.2 0.1 0.9 -0.00370528 1.51951e-16 1.86591e-16
409 1 0.402475 0 0.8 -0.212331 3.19189e-16 -2.9924e-16
410 1 0.5 0.1 0.8 0.108667 1.11022e-16 -2.8276e-16
411 1 0.5 0 0.9 0.108667 2.91434e-16 3.98986e-17
412 1 0.402475 0.1 0.9 -0.212331 1.11022e-16 8.41341e-17
413 1 0.6 0 0.8 -0.00275423 3.81639e-16 -2.74954e-16
414 1 0.7 0.1 0.8 0.00735375 6.93889e-18 -3.45806e-16
415 1 0.7 0 0.9 0.00735375 5.99618e-16 -1.99493e-17
416 1 0.6 0.1 0.9 -0.00275423 4.85723e-17 -8.67362e-19
417 1 0.8 0 0.8 0.0001324 5.75928e-16 -3.1225e-16
418 1 0.9 0.1 0.8 9.33465e-08 9.54098e-17 -3.43475e-16
419 1 0.9 0 0.9 9.33465e-08 5.27356e-16 -2.08167e-17
420 1 0.8 0.1 0.9 0.0001324 1.00614e-16 4.51028e-17
421 1 0 0.2 0.8 0.000124189 5.97612e-16 -2.35922e-16
422 1 0.1 0.3 0.8 0.00460943 -1.0044e-15 -2.28983e-16
423 1 0.1 0.2 0.9 0.00460943 1.21084e-15 -4.16334e-17
424 1 0 0.3 0.9 0.000124189 -5.27356e-16 1.73472e-17
425 1 0.2 0.2 0.8 -0.00370528 1.14958e-15 -2.44596e-16
426 1 0.3 0.3 0.8 0.0979042 -1.43635e-15 -2.32453e-16
427 1 0.3 0.2 0.9 0.0979042 9.84889e-16 9.55182e-17
428 1 0.2 0.3 0.9 -0.00370528 -1.46047e-15 6.37511e-17
429 1 0.402475 0.2 0.8 -0.212331 1.11976e-15 -2.63678e-16
430 1 0.5 0.3 0.8 0.108667 -8.14453e-16 -3.43475e-16
431 1 0.5 0.2 0.9 0.108667 1.01828e-15 -1.51788e-17
432 1 0.402475 0.3 0.9 -0.212331 -7.67181e-16 -3.01408e-17
433 1 0.6 0.2 0.8 -0.00275423 5.49907e-16 -3.31332e-16
434 1 0.7 0.3 0.8 0.00735375 -3.81639e-17 -2.6254e-16
435 1 0.7 0.2 0.9 0.00735375 1.08745e-16 4.27176e-17
436 1 0.6 0.3 0.9 -0.00275423 -3.12901e-16 5.3397e-17
437 1 0.8 0.2 0.8 0.0001324 3.46945e-17 -2.91434e-16
438 1 0.9 0.3 0.8 9.33465e-08 -1.73472e-17 -3.36536e-16
439 1 0.9 0.2 0.9 9.33465e-08 4.85723e-17 6.93889e-17
440 1 0.8 0.3 0.9 0.0001324 5.20417e-18 2.94903e-17
441 1 0 0.4 0.8 0.000124189 -1.99493e-17 -2.68882e-16
442 1 0.1 0.5 0.8 0.00460943 3.85803e-15 -3.22659e-16
443 1 0.1 0.4 0.9 0.00460943 6.93889e-18 5.72459e-17
444 1 0 0.5 0.9 0.000124189 3.89966e-15 -2.08167e-17
445 1 0.2 0.4 0.8 -0.00370528 -6.93889e-18 -2.86229e-16
446 1 0.3 0.5 0.8 0.0979042 4.13385e-15 -2.63678e-16
447 1 0.3 0.4 0.9 0.0979042 -8.32667e-17 6.67869e-17
448 1 0.2 0.5 0.9 -0.00370528 4.23966e-15 3.42608e-17
449 1 0.402475 0.4 0.8 -0.212331 -2.08167e-17 -2.35922e-16
450 1 0.5 0.5 0.8 0.108667 4.0341e-15 -2.75821e-16
451 1 0.5 0.4 0.9 0.108667 1.50921e-16 -7.11237e-17
452 1 0.402475 0.5 0.9 -0.212331 3.868e-15 -1.45283e-17
453 1 0.6 0.4 0.8 -0.00275423 1.33574e-16 -2.5327e-16
454 1 0.7 0.5 0.8 0.00735375 3.94216e-15 -3.23255e-16
455 1 0.7 0.4 0.9 0.00735375 6.0119e-17 3.55618e-17
456 1 0.6 0.5 0.9 -0.00275423 3.9363e-15 2.30393e-17
457 1 0.8 0.4 0.8 0.0001324 1.2837e-16 -3.62557e-16
458 1 0.9 0.5 0.8 9.33465e-08 4.06446e-15 -2.56739e-16
459 1 0.9 0.4 0.9 9.33465e-08 9.02056e-17 6.93889e-18
460 1 0.8 0.5 0.9 0.0001324 4.09568e-15 1.56125e-17
461 1 0 0.6 0.8 0.000124189 -4.11303e-15 -2.8276e-16
462 1 0.1 0.7 0.8 0.00460943 -2.74086e-16 -3.13985e-16
463 1 0.1 0.6 0.9 0.00460943 -4.00027e-15 4.94396e-17
464 1 0 0.7 0.9 0.000124189 -2.35922e-16 6.245e-17
465 1 0.2 0.6 0.8 -0.00370528 -4.37644e-15 -2.91434e-16
466 1 0.3 0.7 0.8 0.0979042 -3.64617e-16 -2.4362e-16
467 1 0.3 0.6 0.9 0.0979042 -4.26048e-15 5.20417e-18
468 1 0.2 0.7 0.9 -0.00370528 -4.00504e-16 -1.19804e-17
469 1 0.402475 0.6 0.8 -0.212331 -4.10089e-15 -3.1572e-16
470 1 0.5 0.7 0.8 0.108667 -3.37946e-16 -2.85796e-16
471 1 0.5 0.6 0.9 0.108667 -4.27956e-15 4.33681e-18
472 1 0.402475 0.7 0.9 -0.212331 -3.66894e-16 5.46438e-17
473 1 0.6 0.6 0.8 -0.00275423 -4.18068e-15 -2.86229e-16
474 1 0.7 0.7 0.8 0.00735375 -2.03505e-16 -2.83139e-16
475 1 0.7 0.6 0.9 0.00735375 -4.24346e-15 7.45931e-17
476 1 0.6 0.7 0.9 -0.00275423 -1.26635e-16 2.62919e-17
477 1 0.8 0.6 0.8 0.0001324 -4.29864e-15 -2.96638e-16
478 1 0.9 0.7 0.8 9.33465e-08 -3.14852e-16 -2.87964e-16
479 1 0.9 0.6 0.9 9.33465e-08 -4.23966e-15 3.46945e-18
480 1 0.8 0.7 0.9 0.0001324 -3.83374e-16 1.9082e-17
481 1 0 0.8 0.8 0.000124189 -2.41994e-16 -2.48065e-16
482 1 0.1 0.9 0.8 0.00460943 -3.46945e-18 -2.74086e-16
483 1 0.1 0.8 0.9 0.00460943 -2.70617e-16 -8.67362e-19
484 1 0 0.9 0.9 0.000124189 -6.93889e-18 -3.1225e-17
485 1 0.2 0.8 0.8 -0.00370528 -2.61943e-16 -2.75821e-16
486 1 0.3 0.9 0.8 0.0979042 1.02349e-16 -2.65413e-16
487 1 0.3 0.8 0.9 0.0979042 -2.28983e-16 2.25514e-17
488 1 0.2 0.9 0.9 -0.00370528 1.22406e-16 9.11814e-17
489 1 0.402475 0.8 0.8 -0.212331 -2.37657e-16 -3.322e-16
490 1 0.5 0.9 0.8 0.108667 9.88792e-17 -2.93168e-16
491 1 0.5 0.8 0.9 0.108667 -2.39392e-16 0
492 1 0.402475 0.9 0.9 -0.212331 1.39645e-16 1.10155e-16
493 1 0.6 0.8 0.8 -0.00275423 -2.34188e-16 -3.38271e-16
494 1 0.7 0.9 0.8 0.00735375 2.68882e-17 -3.14581e-16
495 1 0.7 0.8 0.9 0.00735375 -2.8856e-16 -3.29597e-17
496 1 0.6 0.9 0.9 -0.00275423 -2.60209e-17 3.1225e-17
497 1 0.8 0.8 0.8 0.0001324 -2.7929e-16 -2.55004e-16
498 1 0.9 0.9 0.8 9.33465e-08 8.32667e-17 -3.22659e-16
499 1 0.9 0.8 0.9 9.33465e-08 -2.98372e-16 -4.16334e-17
500 1 0.8 0.9 0.9 0.0001324 3.1225e-17 -3.29597e-17