1 1 0 0 0 0.000601395 3.88578e-16 1.52656e-16
2 1 0.1 0.1 0 -0.00193588 -5.72459e-17 -3.46945e-17
3 1 0.1 0 0.1 -0.00193588 -1.52656e-16 6.07153e-17
4 1 0 0.1 0.1 0.000601395 1.52656e-16 1.80411e-16
5 1 0.2 0 0 0.00641796 1.65666e-16 7.45931e-17
8 1 0.2 0.1 0.1 0.00641796 1.75207e-16 2.0383e-16
21 1 0 0.2 0 0.000601395 1.15186e-15 1.31839e-16
23 1 0.1 0.2 0.1 -0.00193588 9.71445e-16 2.05998e-16
25 1 0.2 0.2 0 0.00641796 1.02002e-15 8.84709e-17
101 1 0 0 0.2 0.000601395 2.08167e-17 1.17961e-15
102 1 0.1 0.1 0.2 -0.00193588 1.68268e-16 1.02696e-15
105 1 0.2 0 0.2 0.00641796 5.46438e-17 1.07293e-15
121 1 0 0.2 0.2 0.000601395 1.09635e-15 1.13104e-15
125 1 0.2 0.2 0.2 0.00641796 1.09851e-15 1.15056e-15
6 1 0.3 0.1 0 0.0656877 1.38778e-16 1.17961e-16
7 1 0.3 0 0.1 0.0656877 5.55112e-17 1.52656e-16
9 1 0.402031 0 0 -0.152116 3.88578e-16 5.10009e-16
12 1 0.402031 0.1 0.1 -0.152116 8.32667e-17 1.85615e-16
27 1 0.3 0.2 0.1 0.0656877 1.0417e-15 3.55618e-16
29 1 0.402031 0.2 0 -0.152116 1.38951e-15 3.06179e-16
106 1 0.3 0.1 0.2 0.0656877 2.08167e-16 1.13104e-15
109 1 0.402031 0 0.2 -0.152116 1.38778e-16 1.35048e-15
129 1 0.402031 0.2 0.2 -0.152116 1.36263e-15 1.30451e-15
10 1 0.5 0.1 0 0.0759779 2.22045e-16 2.08167e-16
11 1 0.5 0 0.1 0.0759779 1.11022e-16 2.498e-16
13 1 0.6 0 0 0.00643263 6.66134e-16 7.78891e-16
14 1 0.7 0.1 0 -0.00181159 2.80158e-16 5.70724e-16
15 1 0.7 0 0.1 -0.00181159 5.03937e-16 2.98372e-16
16 1 0.6 0.1 0.1 0.00643263 1.38778e-16 3.19623e-16
31 1 0.5 0.2 0.1 0.0759779 1.04604e-15 3.81639e-16
33 1 0.6 0.2 0 0.00643263 8.08381e-16 5.55112e-16
35 1 0.7 0.2 0.1 -0.00181159 1.13603e-15 3.75568e-16
110 1 0.5 0.1 0.2 0.0759779 2.35922e-16 1.12063e-15
113 1 0.6 0 0.2 0.00643263 4.44089e-16 9.08995e-16
114 1 0.7 0.1 0.2 -0.00181159 3.64292e-16 1.00462e-15
133 1 0.6 0.2 0.2 0.00643263 7.64363e-16 7.58074e-16
17 1 0.8 0 0 0.000621088 7.49401e-16 7.14706e-16
18 1 0.9 0.1 0 0.000124547 1.73472e-16 3.02709e-16
19 1 0.9 0 0.1 0.000124547 3.00107e-16 1.94289e-16
20 1 0.8 0.1 0.1 0.000621088 3.34802e-16 3.63858e-16
37 1 0.8 0.2 0 0.000621088 1.08377e-15 4.78784e-16
39 1 0.9 0.2 0.1 0.000124547 1.05731e-15 2.22045e-16
117 1 0.8 0 0.2 0.000621088 3.92048e-16 1.11369e-15
118 1 0.9 0.1 0.2 0.000124547 2.84495e-16 1.1293e-15
137 1 0.8 0.2 0.2 0.000621088 1.02435e-15 1.1692e-15
22 1 0.1 0.3 0 -0.00193588 -1.20216e-15 2.08167e-16
24 1 0 0.3 0.1 0.000601395 -1.249e-15 2.91434e-16
28 1 0.2 0.3 0.1 0.00641796 -1.08941e-15 2.57606e-16
41 1 0 0.4 0 0.000601395 1.80411e-16 7.07767e-16
43 1 0.1 0.4 0.1 -0.00193588 6.93889e-17 2.25948e-16
45 1 0.2 0.4 0 0.00641796 7.80626e-17 3.93782e-16
122 1 0.1 0.3 0.2 -0.00193588 -1.12063e-15 1.05471e-15
141 1 0 0.4 0.2 0.000601395 6.93889e-17 9.85323e-16
145 1 0.2 0.4 0.2 0.00641796 3.07913e-17 1.13321e-15
26 1 0.3 0.3 0 0.0656877 -1.49533e-15 3.33067e-16
32 1 0.402031 0.3 0.1 -0.152116 -1.71564e-15 3.33067e-16
47 1 0.3 0.4 0.1 0.0656877 1.19045e-16 2.22045e-16
49 1 0.402031 0.4 0 -0.152116 7.28584e-17 7.77156e-16
126 1 0.3 0.3 0.2 0.0656877 -1.33877e-15 1.02002e-15
149 1 0.402031 0.4 0.2 -0.152116 1.09721e-16 1.36696e-15
30 1 0.5 0.3 0 0.0759779 -1.74123e-15 4.44089e-16
34 1 0.7 0.3 0 -0.00181159 -1.83967e-15 6.67001e-16
36 1 0.6 0.3 0.1 0.00643263 -1.23599e-15 2.498e-16
51 1 0.5 0.4 0.1 0.0759779 9.34582e-17 3.60822e-16
53 1 0.6 0.4 0 0.00643263 7.48099e-17 1.05471e-15
55 1 0.7 0.4 0.1 -0.00181159 7.37257e-17 3.40006e-16
130 1 0.5 0.3 0.2 0.0759779 -1.52265e-15 1.07032e-15
134 1 0.7 0.3 0.2 -0.00181159 -1.61806e-15 1.05905e-15
153 1 0.6 0.4 0.2 0.00643263 6.02816e-17 6.19296e-16
38 1 0.9 0.3 0 0.000124547 -1.7486e-15 6.80012e-16
40 1 0.8 0.3 0.1 0.000621088 -1.52656e-15 3.81639e-16
57 1 0.8 0.4 0 0.000621088 1.43115e-16 8.95117e-16
59 1 0.9 0.4 0.1 0.000124547 1.249e-16 3.19189e-16
138 1 0.9 0.3 0.2 0.000124547 -1.50574e-15 1.22125e-15
157 1 0.8 0.4 0.2 0.000621088 3.81639e-17 1.14839e-15
42 1 0.1 0.5 0 -0.00193588 3.05745e-15 5.41234e-16
44 1 0 0.5 0.1 0.000601395 3.08564e-15 2.498e-16
48 1 0.2 0.5 0.1 0.00641796 2.90002e-15 2.28983e-16
61 1 0 0.6 0 0.000601395 -2.94903e-15 6.21031e-16
62 1 0.1 0.7 0 -0.00193588 -1.14492e-16 4.14599e-16
63 1 0.1 0.6 0.1 -0.00193588 -2.99847e-15 2.36356e-16
64 1 0 0.7 0.1 0.000601395 -1.67401e-16 3.05311e-16
65 1 0.2 0.6 0 0.00641796 -2.67841e-15 3.6169e-16
68 1 0.2 0.7 0.1 0.00641796 -1.21431e-16 2.64545e-16
142 1 0.1 0.5 0.2 -0.00193588 2.81719e-15 7.77156e-16
161 1 0 0.6 0.2 0.000601395 -2.67841e-15 8.24861e-16
162 1 0.1 0.7 0.2 -0.00193588 -2.70617e-16 1.09981e-15
165 1 0.2 0.6 0.2 0.00641796 -2.43859e-15 7.81493e-16
46 1 0.3 0.5 0 0.0656877 2.70422e-15 6.10623e-16
52 1 0.402031 0.5 0.1 -0.152116 3.1225e-15 3.88578e-16
66 1 0.3 0.7 0 0.0656877 -1.26635e-16 5.06539e-16
67 1 0.3 0.6 0.1 0.0656877 -2.49106e-15 3.33067e-16
69 1 0.402031 0.6 0 -0.152116 -2.88571e-15 7.49401e-16
72 1 0.402031 0.7 0.1 -0.152116 -1.69136e-16 2.30718e-16
146 1 0.3 0.5 0.2 0.0656877 2.39674e-15 6.85216e-16
166 1 0.3 0.7 0.2 0.0656877 -1.09288e-16 1.00267e-15
169 1 0.402031 0.6 0.2 -0.152116 -2.74173e-15 1.06512e-15
50 1 0.5 0.5 0 0.0759779 3.21444e-15 6.66134e-16
54 1 0.7 0.5 0 -0.00181159 3.10169e-15 1.02782e-15
56 1 0.6 0.5 0.1 0.00643263 3.09822e-15 2.22045e-16
70 1 0.5 0.7 0 0.0759779 -1.35308e-16 7.2338e-16
71 1 0.5 0.6 0.1 0.0759779 -3.08651e-15 3.33067e-16
73 1 0.6 0.6 0 0.00643263 -3.04184e-15 1.02696e-15
74 1 0.7 0.7 0 -0.00181159 -1.18829e-16 1.08594e-15
75 1 0.7 0.6 0.1 -0.00181159 -2.80158e-15 3.67761e-16
76 1 0.6 0.7 0.1 0.00643263 -1.42247e-16 4.23273e-16
150 1 0.5 0.5 0.2 0.0759779 2.90046e-15 7.42462e-16
154 1 0.7 0.5 0.2 -0.00181159 2.77469e-15 9.28944e-16
170 1 0.5 0.7 0.2 0.0759779 -2.23779e-16 1.079e-15
173 1 0.6 0.6 0.2 0.00643263 -2.77512e-15 3.41741e-16
174 1 0.7 0.7 0.2 -0.00181159 -2.28983e-16 1.09635e-15
58 1 0.9 0.5 0 0.000124547 2.96985e-15 1.00614e-15
60 1 0.8 0.5 0.1 0.000621088 3.01148e-15 3.50414e-16
77 1 0.8 0.6 0 0.000621088 -2.94556e-15 9.99201e-16
78 1 0.9 0.7 0 0.000124547 -2.55004e-16 9.33281e-16
79 1 0.9 0.6 0.1 0.000124547 -2.85882e-15 2.91434e-16
80 1 0.8 0.7 0.1 0.000621088 -2.50668e-16 4.05925e-16
158 1 0.9 0.5 0.2 0.000124547 2.81025e-15 8.18789e-16
177 1 0.8 0.6 0.2 0.000621088 -2.55091e-15 8.7777e-16
178 1 0.9 0.7 0.2 0.000124547 -1.66533e-16 1.14839e-15
81 1 0 0.8 0 0.000601395 6.245e-17 6.26235e-16
82 1 0.1 0.9 0 -0.00193588 -1.94289e-16 4.16334e-16
83 1 0.1 0.8 0.1 -0.00193588 -3.81639e-17 3.22659e-16
84 1 0 0.9 0.1 0.000601395 -1.31839e-16 1.80411e-16
85 1 0.2 0.8 0 0.00641796 3.46945e-18 5.4904e-16
88 1 0.2 0.9 0.1 0.00641796 -1.96024e-16 2.15973e-16
181 1 0 0.8 0.2 0.000601395 -1.38778e-16 1.05038e-15
182 1 0.1 0.9 0.2 -0.00193588 -2.56739e-16 9.78384e-16
185 1 0.2 0.8 0.2 0.00641796 -3.20924e-17 1.06859e-15
86 1 0.3 0.9 0 0.0656877 -1.52656e-16 7.18176e-16
87 1 0.3 0.8 0.1 0.0656877 1.01048e-16 2.23346e-16
89 1 0.402031 0.8 0 -0.152116 1.38778e-17 6.83481e-16
92 1 0.402031 0.9 0.1 -0.152116 -7.63278e-17 2.08167e-16
186 1 0.3 0.9 0.2 0.0656877 -1.00614e-16 9.88792e-16
189 1 0.402031 0.8 0.2 -0.152116 2.77556e-17 1.36263e-15
90 1 0.5 0.9 0 0.0759779 -1.26635e-16 6.245e-16
91 1 0.5 0.8 0.1 0.0759779 4.11997e-17 1.99927e-16
93 1 0.6 0.8 0 0.00643263 -6.245e-17 9.64506e-16
94 1 0.7 0.9 0 -0.00181159 -1.97758e-16 9.64506e-16
95 1 0.7 0.8 0.1 -0.00181159 -4.81386e-17 3.49547e-16
96 1 0.6 0.9 0.1 0.00643263 -4.51028e-17 3.33067e-16
190 1 0.5 0.9 0.2 0.0759779 -4.94396e-17 1.11022e-15
193 1 0.6 0.8 0.2 0.00643263 4.33681e-17 7.77156e-16
194 1 0.7 0.9 0.2 -0.00181159 -2.05131e-16 1.16075e-15
97 1 0.8 0.8 0 0.000621088 -2.77556e-17 1.0339e-15
98 1 0.9 0.9 0 0.000124547 -9.71445e-17 7.91034e-16
99 1 0.9 0.8 0.1 0.000124547 8.67362e-18 3.88578e-16
100 1 0.8 0.9 0.1 0.000621088 -1.83881e-16 3.01842e-16
197 1 0.8 0.8 0.2 0.000621088 -1.59595e-16 1.0764e-15
198 1 0.9 0.9 0.2 0.000124547 -2.63678e-16 1.05905e-15
103 1 0.1 0 0.3 -0.00193588 1.249e-16 -1.32186e-15
104 1 0 0.1 0.3 0.000601395 2.98372e-16 -1.249e-15
108 1 0.2 0.1 0.3 0.00641796 2.84495e-16 -1.13451e-15
123 1 0.1 0.2 0.3 -0.00193588 1.04083e-15 -1.08594e-15
201 1 0 0 0.4 0.000601395 7.21645e-16 1.45717e-16
202 1 0.1 0.1 0.4 -0.00193588 2.09902e-16 1.80411e-16
205 1 0.2 0 0.4 0.00641796 5.54678e-16 2.34188e-17
221 1 0 0.2 0.4 0.000601395 1.06165e-15 9.02056e-17
225 1 0.2 0.2 0.4 0.00641796 1.08355e-15 8.50015e-17
107 1 0.3 0 0.3 0.0656877 3.33067e-16 -1.54043e-15
112 1 0.402031 0.1 0.3 -0.152116 2.498e-16 -1.63064e-15
127 1 0.3 0.2 0.3 0.0656877 9.79251e-16 -1.31579e-15
206 1 0.3 0.1 0.4 0.0656877 2.22045e-16 1.80411e-16
209 1 0.402031 0 0.4 -0.152116 7.21645e-16 1.88217e-16
229 1 0.402031 0.2 0.4 -0.152116 1.4099e-15 4.94396e-17
111 1 0.5 0 0.3 0.0759779 4.996e-16 -1.60982e-15
115 1 0.7 0 0.3 -0.00181159 7.22079e-16 -1.85962e-15
116 1 0.6 0.1 0.3 0.00643263 2.22045e-16 -1.28196e-15
131 1 0.5 0.2 0.3 0.0759779 1.10242e-15 -1.42594e-15
135 1 0.7 0.2 0.3 -0.00181159 1.08724e-15 -1.6185e-15
210 1 0.5 0.1 0.4 0.0759779 2.08167e-16 1.70003e-16
213 1 0.6 0 0.4 0.00643263 9.4369e-16 2.05565e-16
214 1 0.7 0.1 0.4 -0.00181159 3.7817e-16 2.31586e-16
233 1 0.6 0.2 0.4 0.00643263 6.37945e-16 2.41127e-16
119 1 0.9 0 0.3 0.000124547 7.07767e-16 -1.88738e-15
120 1 0.8 0.1 0.3 0.000621088 2.89699e-16 -1.72085e-15
139 1 0.9 0.2 0.3 0.000124547 1.09461e-15 -1.68962e-15
217 1 0.8 0 0.4 0.000621088 8.53484e-16 1.31839e-16
218 1 0.9 0.1 0.4 0.000124547 1.59595e-16 1.249e-16
237 1 0.8 0.2 0.4 0.000621088 1.08507e-15 1.09288e-16
124 1 0 0.3 0.3 0.000601395 -1.52656e-15 -1.59595e-15
128 1 0.2 0.3 0.3 0.00641796 -1.25637e-15 -1.26808e-15
143 1 0.1 0.4 0.3 -0.00193588 1.11022e-16 -1.57339e-15
222 1 0.1 0.3 0.4 -0.00193588 -1.55084e-15 9.02056e-17
241 1 0 0.4 0.4 0.000601395 1.04083e-16 1.38778e-16
245 1 0.2 0.4 0.4 0.00641796 1.17094e-16 1.73472e-17
132 1 0.402031 0.3 0.3 -0.152116 -1.98973e-15 -1.80411e-15
147 1 0.3 0.4 0.3 0.0656877 6.26669e-17 -1.76855e-15
226 1 0.3 0.3 0.4 0.0656877 -1.81105e-15 1.10589e-16
249 1 0.402031 0.4 0.4 -0.152116 1.50487e-16 1.79978e-16
136 1 0.6 0.3 0.3 0.00643263 -1.55778e-15 -1.4962e-15
151 1 0.5 0.4 0.3 0.0759779 9.47593e-17 -1.85832e-15
155 1 0.7 0.4 0.3 -0.00181159 5.46438e-17 -2.1658e-15
230 1 0.5 0.3 0.4 0.0759779 -1.88781e-15 1.83664e-16
234 1 0.7 0.3 0.4 -0.00181159 -2.14672e-15 1.56992e-16
253 1 0.6 0.4 0.4 0.00643263 4.29344e-17 2.40259e-16
140 1 0.8 0.3 0.3 0.000621088 -1.83187e-15 -1.77289e-15
159 1 0.9 0.4 0.3 0.000124547 3.46945e-17 -2.1233e-15
238 1 0.9 0.3 0.4 0.000124547 -1.98452e-15 2.22045e-16
257 1 0.8 0.4 0.4 0.000621088 1.64799e-16 -9.54098e-18
144 1 0 0.5 0.3 0.000601395 2.83064e-15 -1.5335e-15
148 1 0.2 0.5 0.3 0.00641796 2.60989e-15 -1.29844e-15
163 1 0.1 0.6 0.3 -0.00193588 -2.6177e-15 -1.33313e-15
164 1 0 0.7 0.3 0.000601395 -2.15106e-16 -1.81799e-15
168 1 0.2 0.7 0.3 0.00641796 -1.50921e-16 -1.57773e-15
242 1 0.1 0.5 0.4 -0.00193588 2.99196e-15 1.66533e-16
261 1 0 0.6 0.4 0.000601395 -2.8727e-15 1.21431e-16
262 1 0.1 0.7 0.4 -0.00193588 -1.97758e-16 6.07153e-17
265 1 0.2 0.6 0.4 0.00641796 -2.62637e-15 6.245e-17
152 1 0.402031 0.5 0.3 -0.152116 2.73739e-15 -1.82623e-15
167 1 0.3 0.6 0.3 0.0656877 -2.25948e-15 -1.46541e-15
172 1 0.402031 0.7 0.3 -0.152116 -2.30718e-16 -2.1658e-15
246 1 0.3 0.5 0.4 0.0656877 2.62507e-15 1.32923e-16
266 1 0.3 0.7 0.4 0.0656877 -1.73472e-16 8.76035e-17
269 1 0.402031 0.6 0.4 -0.152116 -2.99153e-15 1.23599e-16
156 1 0.6 0.5 0.3 0.00643263 2.78944e-15 -1.5361e-15
171 1 0.5 0.6 0.3 0.0759779 -2.81676e-15 -1.52005e-15
175 1 0.7 0.6 0.3 -0.00181159 -2.59731e-15 -1.87177e-15
176 1 0.6 0.7 0.3 0.00643263 -1.5439e-16 -1.8761e-15
250 1 0.5 0.5 0.4 0.0759779 3.06222e-15 7.89299e-17
254 1 0.7 0.5 0.4 -0.00181159 3.08737e-15 1.50054e-16
270 1 0.5 0.7 0.4 0.0759779 -2.25514e-16 1.26635e-16
273 1 0.6 0.6 0.4 0.00643263 -3.05528e-15 2.37657e-16
274 1 0.7 0.7 0.4 -0.00181159 -2.13371e-16 1.49186e-16
160 1 0.8 0.5 0.3 0.000621088 2.62984e-15 -1.75554e-15
179 1 0.9 0.6 0.3 0.000124547 -2.45637e-15 -1.75554e-15
180 1 0.8 0.7 0.3 0.000621088 -2.04697e-16 -2.08167e-15
258 1 0.9 0.5 0.4 0.000124547 3.08781e-15 1.11022e-16
277 1 0.8 0.6 0.4 0.000621088 -2.80505e-15 8.93383e-17
278 1 0.9 0.7 0.4 0.000124547 -2.54137e-16 0
183 1 0.1 0.8 0.3 -0.00193588 -1.16226e-16 -1.54217e-15
184 1 0 0.9 0.3 0.000601395 -2.498e-16 -1.88738e-15
188 1 0.2 0.9 0.3 0.00641796 -1.66533e-16 -1.67314e-15
281 1 0 0.8 0.4 0.000601395 -1.94289e-16 1.42247e-16
282 1 0.1 0.9 0.4 -0.00193588 -1.66533e-16 6.93889e-17
285 1 0.2 0.8 0.4 0.00641796 -1.17094e-17 7.71952e-17
187 1 0.3 0.8 0.3 0.0656877 2.77556e-17 -1.84575e-15
192 1 0.402031 0.9 0.3 -0.152116 -4.77049e-17 -2.1606e-15
286 1 0.3 0.9 0.4 0.0656877 -6.93889e-17 1.52656e-16
289 1 0.402031 0.8 0.4 -0.152116 -1.69136e-17 6.89553e-17
191 1 0.5 0.8 0.3 0.0759779 1.38778e-17 -1.83187e-15
195 1 0.7 0.8 0.3 -0.00181159 -2.86229e-17 -2.19963e-15
196 1 0.6 0.9 0.3 0.00643263 -5.0307e-17 -1.72085e-15
290 1 0.5 0.9 0.4 0.0759779 -2.77556e-17 4.16334e-17
293 1 0.6 0.8 0.4 0.00643263 -8.67362e-18 2.00361e-16
294 1 0.7 0.9 0.4 -0.00181159 -1.35308e-16 2.87097e-16
199 1 0.9 0.8 0.3 0.000124547 -6.93889e-17 -2.06432e-15
200 1 0.8 0.9 0.3 0.000621088 -1.97758e-16 -2.06779e-15
297 1 0.8 0.8 0.4 0.000621088 -1.59595e-16 1.19696e-16
298 1 0.9 0.9 0.4 0.000124547 -2.35922e-16 1.38778e-16
203 1 0.1 0 0.5 -0.00193588 5.68989e-16 3.09648e-15
204 1 0 0.1 0.5 0.000601395 2.498e-16 3.13074e-15
208 1 0.2 0.1 0.5 0.00641796 2.81025e-16 2.92041e-15
223 1 0.1 0.2 0.5 -0.00193588 8.01442e-16 2.84755e-15
301 1 0 0 0.6 0.000601395 7.56339e-16 -2.83107e-15
302 1 0.1 0.1 0.6 -0.00193588 3.55618e-16 -2.91954e-15
303 1 0.1 0 0.7 -0.00193588 3.64292e-16 -8.32667e-17
304 1 0 0.1 0.7 0.000601395 2.08167e-16 -1.21431e-17
305 1 0.2 0 0.6 0.00641796 5.27356e-16 -2.56566e-15
308 1 0.2 0.1 0.7 0.00641796 2.5327e-16 -1.80411e-16
321 1 0 0.2 0.6 0.000601395 8.78637e-16 -2.60902e-15
323 1 0.1 0.2 0.7 -0.00193588 9.57567e-16 -1.94289e-16
325 1 0.2 0.2 0.6 0.00641796 7.60676e-16 -2.46504e-15
207 1 0.3 0 0.5 0.0656877 6.38378e-16 2.60555e-15
212 1 0.402031 0.1 0.5 -0.152116 3.05311e-16 3.03143e-15
227 1 0.3 0.2 0.5 0.0656877 7.35523e-16 2.41474e-15
306 1 0.3 0.1 0.6 0.0656877 3.05311e-16 -2.52836e-15
307 1 0.3 0 0.7 0.0656877 6.38378e-16 -1.23165e-16
309 1 0.402031 0 0.6 -0.152116 7.49401e-16 -2.92821e-15
312 1 0.402031 0.1 0.7 -0.152116 2.22045e-16 -2.70617e-16
327 1 0.3 0.2 0.7 0.0656877 1.06642e-15 -2.6628e-16
329 1 0.402031 0.2 0.6 -0.152116 1.06685e-15 -2.72265e-15
211 1 0.5 0 0.5 0.0759779 7.21645e-16 3.13118e-15
215 1 0.7 0 0.5 -0.00181159 9.15934e-16 3.0839e-15
216 1 0.6 0.1 0.5 0.00643263 3.33067e-16 3.24567e-15
231 1 0.5 0.2 0.5 0.0759779 7.96238e-16 2.94296e-15
235 1 0.7 0.2 0.5 -0.00181159 8.56953e-16 2.86056e-15
310 1 0.5 0.1 0.6 0.0759779 3.33067e-16 -3.09171e-15
311 1 0.5 0 0.7 0.0759779 6.66134e-16 -2.22912e-16
313 1 0.6 0 0.6 0.00643263 8.88178e-16 -3.02536e-15
314 1 0.7 0.1 0.6 -0.00181159 4.23273e-16 -2.9074e-15
315 1 0.7 0 0.7 -0.00181159 8.87745e-16 -1.78243e-16
316 1 0.6 0.1 0.7 0.00643263 3.747e-16 -2.98372e-16
331 1 0.5 0.2 0.7 0.0759779 1.06469e-15 -3.20924e-16
333 1 0.6 0.2 0.6 0.00643263 5.20851e-16 -2.7053e-15
335 1 0.7 0.2 0.7 -0.00181159 1.18959e-15 -3.1572e-16
219 1 0.9 0 0.5 0.000124547 9.29812e-16 3.19189e-15
220 1 0.8 0.1 0.5 0.000621088 4.11129e-16 3.01148e-15
239 1 0.9 0.2 0.5 0.000124547 8.63459e-16 2.99934e-15
317 1 0.8 0 0.6 0.000621088 8.46545e-16 -2.85189e-15
318 1 0.9 0.1 0.6 0.000124547 1.11022e-16 -2.83107e-15
319 1 0.9 0 0.7 0.000124547 8.67362e-16 -1.31839e-16
320 1 0.8 0.1 0.7 0.000621088 2.89699e-16 -3.01842e-16
337 1 0.8 0.2 0.6 0.000621088 8.53484e-16 -2.67711e-15
339 1 0.9 0.2 0.7 0.000124547 1.10459e-15 -2.63678e-16
224 1 0 0.3 0.5 0.000601395 -1.5335e-15 2.85102e-15
228 1 0.2 0.3 0.5 0.00641796 -1.26114e-15 2.534e-15
243 1 0.1 0.4 0.5 -0.00193588 7.63278e-17 3.09518e-15
322 1 0.1 0.3 0.6 -0.00193588 -1.3687e-15 -2.5804e-15
324 1 0 0.3 0.7 0.000601395 -1.79023e-15 -1.16226e-16
328 1 0.2 0.3 0.7 0.00641796 -1.60809e-15 -1.67401e-16
341 1 0 0.4 0.6 0.000601395 7.02563e-17 -2.91434e-15
343 1 0.1 0.4 0.7 -0.00193588 1.04083e-16 -2.35922e-16
345 1 0.2 0.4 0.6 0.00641796 1.02349e-16 -2.60989e-15
232 1 0.402031 0.3 0.5 -0.152116 -1.88695e-15 2.80245e-15
247 1 0.3 0.4 0.5 0.0656877 7.09068e-17 2.73089e-15
326 1 0.3 0.3 0.6 0.0656877 -1.58337e-15 -2.33927e-15
332 1 0.402031 0.3 0.7 -0.152116 -2.21654e-15 -2.3679e-16
347 1 0.3 0.4 0.7 0.0656877 6.1149e-17 -2.68882e-16
349 1 0.402031 0.4 0.6 -0.152116 1.51788e-16 -3.00584e-15
236 1 0.6 0.3 0.5 0.00643263 -1.59942e-15 2.98286e-15
251 1 0.5 0.4 0.5 0.0759779 1.02349e-16 3.37447e-15
255 1 0.7 0.4 0.5 -0.00181159 1.30104e-16 3.19189e-15
330 1 0.5 0.3 0.6 0.0759779 -1.69179e-15 -2.75431e-15
334 1 0.7 0.3 0.6 -0.00181159 -1.79327e-15 -2.69923e-15
336 1 0.6 0.3 0.7 0.00643263 -1.70176e-15 -2.41127e-16
351 1 0.5 0.4 0.7 0.0759779 1.20997e-16 -2.42428e-16
353 1 0.6 0.4 0.6 0.00643263 1.82146e-17 -2.90436e-15
355 1 0.7 0.4 0.7 -0.00181159 6.37511e-17 -3.19189e-16
240 1 0.8 0.3 0.5 0.000621088 -1.86656e-15 2.85535e-15
259 1 0.9 0.4 0.5 0.000124547 1.45717e-16 3.05311e-15
338 1 0.9 0.3 0.6 0.000124547 -1.73646e-15 -2.52576e-15
340 1 0.8 0.3 0.7 0.000621088 -2.00187e-15 -1.17961e-16
357 1 0.8 0.4 0.6 0.000621088 1.48319e-16 -2.81199e-15
359 1 0.9 0.4 0.7 0.000124547 -5.55112e-17 -1.8735e-16
244 1 0 0.5 0.5 0.000601395 3.09128e-15 3.04097e-15
248 1 0.2 0.5 0.5 0.00641796 2.79334e-15 2.81719e-15
263 1 0.1 0.6 0.5 -0.00193588 -2.86229e-15 3.16067e-15
264 1 0 0.7 0.5 0.000601395 -2.28983e-16 3.10169e-15
268 1 0.2 0.7 0.5 0.00641796 -2.55004e-16 2.90176e-15
342 1 0.1 0.5 0.6 -0.00193588 3.15633e-15 -2.90349e-15
344 1 0 0.5 0.7 0.000601395 3.00367e-15 -1.33574e-16
348 1 0.2 0.5 0.7 0.00641796 2.88354e-15 -1.59595e-16
361 1 0 0.6 0.6 0.000601395 -2.8727e-15 -2.96985e-15
362 1 0.1 0.7 0.6 -0.00193588 -3.40006e-16 -2.92561e-15
363 1 0.1 0.6 0.7 -0.00193588 -2.93515e-15 -3.1225e-16
364 1 0 0.7 0.7 0.000601395 -6.93889e-17 -1.38778e-16
365 1 0.2 0.6 0.6 0.00641796 -2.64025e-15 -2.56566e-15
368 1 0.2 0.7 0.7 0.00641796 -1.93855e-16 -1.79544e-16
252 1 0.402031 0.5 0.5 -0.152116 2.98828e-15 3.05658e-15
267 1 0.3 0.6 0.5 0.0656877 -2.53877e-15 2.84711e-15
272 1 0.402031 0.7 0.5 -0.152116 -1.99493e-16 3.11383e-15
346 1 0.3 0.5 0.6 0.0656877 2.84278e-15 -2.57953e-15
352 1 0.402031 0.5 0.7 -0.152116 3.02427e-15 -2.22912e-16
366 1 0.3 0.7 0.6 0.0656877 -3.13985e-16 -2.48326e-15
367 1 0.3 0.6 0.7 0.0656877 -2.5314e-15 -2.51969e-16
369 1 0.402031 0.6 0.6 -0.152116 -2.90306e-15 -2.86706e-15
372 1 0.402031 0.7 0.7 -0.152116 -1.62847e-16 -2.48933e-16
256 1 0.6 0.5 0.5 0.00643263 3.04336e-15 3.165e-15
271 1 0.5 0.6 0.5 0.0759779 -3.07697e-15 3.30161e-15
275 1 0.7 0.6 0.5 -0.00181159 -2.92691e-15 3.24393e-15
276 1 0.6 0.7 0.5 0.00643263 -2.30718e-16 3.19536e-15
350 1 0.5 0.5 0.6 0.0759779 3.18972e-15 -2.84278e-15
354 1 0.7 0.5 0.6 -0.00181159 3.14679e-15 -2.76255e-15
356 1 0.6 0.5 0.7 0.00643263 3.06786e-15 -2.63678e-16
370 1 0.5 0.7 0.6 0.0759779 -2.89699e-16 -2.89005e-15
371 1 0.5 0.6 0.7 0.0759779 -3.03403e-15 -3.10949e-16
373 1 0.6 0.6 0.6 0.00643263 -2.94079e-15 -2.84538e-15
374 1 0.7 0.7 0.6 -0.00181159 -1.88217e-16 -2.80505e-15
375 1 0.7 0.6 0.7 -0.00181159 -3.02449e-15 -2.34188e-16
376 1 0.6 0.7 0.7 0.00643263 -1.48319e-16 -2.62811e-16
260 1 0.8 0.5 0.5 0.000621088 3.10516e-15 3.13985e-15
279 1 0.9 0.6 0.5 0.000124547 -2.88658e-15 2.98546e-15
280 1 0.8 0.7 0.5 0.000621088 -3.06179e-16 3.08087e-15
358 1 0.9 0.5 0.6 0.000124547 3.06265e-15 -2.88658e-15
360 1 0.8 0.5 0.7 0.000621088 3.09822e-15 -3.01842e-16
377 1 0.8 0.6 0.6 0.000621088 -2.97939e-15 -3.05138e-15
378 1 0.9 0.7 0.6 0.000124547 -2.3332e-16 -2.98372e-15
379 1 0.9 0.6 0.7 0.000124547 -2.86576e-15 -1.63281e-16
380 1 0.8 0.7 0.7 0.000621088 -1.4962e-16 -2.25514e-16
283 1 0.1 0.8 0.5 -0.00193588 -1.66533e-16 3.02189e-15
284 1 0 0.9 0.5 0.000601395 -2.35922e-16 3.18495e-15
288 1 0.2 0.9 0.5 0.00641796 -1.52656e-16 2.69966e-15
381 1 0 0.8 0.6 0.000601395 -6.93889e-17 -2.77556e-15
382 1 0.1 0.9 0.6 -0.00193588 -1.52656e-16 -2.80678e-15
383 1 0.1 0.8 0.7 -0.00193588 -7.02563e-17 -1.249e-16
384 1 0 0.9 0.7 0.000601395 -7.63278e-17 -1.66533e-16
385 1 0.2 0.8 0.6 0.00641796 -3.72966e-17 -2.55698e-15
388 1 0.2 0.9 0.7 0.00641796 -1.56125e-16 -1.38778e-17
287 1 0.3 0.8 0.5 0.0656877 -1.249e-16 2.76515e-15
292 1 0.402031 0.9 0.5 -0.152116 -8.76035e-17 3.0774e-15
386 1 0.3 0.9 0.6 0.0656877 -2.08167e-16 -2.498e-15
387 1 0.3 0.8 0.7 0.0656877 -7.97973e-17 -8.32667e-17
389 1 0.402031 0.8 0.6 -0.152116 -1.11456e-16 -2.82283e-15
392 1 0.402031 0.9 0.7 -0.152116 -2.39392e-16 -1.89085e-16
291 1 0.5 0.8 0.5 0.0759779 7.63278e-17 3.26822e-15
295 1 0.7 0.8 0.5 -0.00181159 -2.86229e-17 3.22355e-15
296 1 0.6 0.9 0.5 0.00643263 -1.32706e-16 3.19883e-15
390 1 0.5 0.9 0.6 0.0759779 -1.52656e-16 -3.13638e-15
391 1 0.5 0.8 0.7 0.0759779 -1.71738e-16 -1.94289e-16
393 1 0.6 0.8 0.6 0.00643263 -7.41594e-17 -2.87444e-15
394 1 0.7 0.9 0.6 -0.00181159 -3.26128e-16 -2.9126e-15
395 1 0.7 0.8 0.7 -0.00181159 -4.68375e-17 -2.95337e-16
396 1 0.6 0.9 0.7 0.00643263 -3.41741e-16 -1.12757e-16
299 1 0.9 0.8 0.5 0.000124547 -1.04083e-16 3.08781e-15
300 1 0.8 0.9 0.5 0.000621088 -2.59341e-16 3.07393e-15
397 1 0.8 0.8 0.6 0.000621088 -7.63278e-17 -3.00281e-15
398 1 0.9 0.9 0.6 0.000124547 -2.77556e-17 -2.88658e-15
399 1 0.9 0.8 0.7 0.000124547 2.08167e-17 -1.249e-16
400 1 0.8 0.9 0.7 0.000621088 -1.92554e-16 -2.04697e-16
401 1 0 0 0.8 0.000601395 6.55725e-16 -3.46945e-17
402 1 0.1 0.1 0.8 -0.00193588 1.05818e-16 -1.56125e-17
403 1 0.1 0 0.9 -0.00193588 4.61436e-16 -1.80411e-16
404 1 0 0.1 0.9 0.000601395 1.45717e-16 -2.68882e-16
405 1 0.2 0 0.8 0.00641796 3.59955e-16 -3.46945e-17
408 1 0.2 0.1 0.9 0.00641796 1.83881e-16 -3.81639e-16
421 1 0 0.2 0.8 0.000601395 1.04083e-15 2.77556e-17
423 1 0.1 0.2 0.9 -0.00193588 9.64506e-16 -3.22659e-16
425 1 0.2 0.2 0.8 0.00641796 1.00744e-15 -1.05818e-16
406 1 0.3 0.1 0.8 0.0656877 2.77556e-16 -8.84709e-17
407 1 0.3 0 0.9 0.0656877 6.38378e-16 -5.55112e-17
409 1 0.402031 0 0.8 -0.152116 6.10623e-16 -1.38778e-17
412 1 0.402031 0.1 0.9 -0.152116 1.38778e-16 -1.11022e-16
427 1 0.3 0.2 0.9 0.0656877 1.00614e-15 -1.72605e-16
429 1 0.402031 0.2 0.8 -0.152116 1.26982e-15 -1.24033e-16
410 1 0.5 0.1 0.8 0.0759779 3.33067e-16 1.04083e-17
411 1 0.5 0 0.9 0.0759779 5.82867e-16 -1.249e-16
413 1 0.6 0 0.8 0.00643263 9.4369e-16 -5.55112e-17
414 1 0.7 0.1 0.8 -0.00181159 2.80158e-16 -1.07553e-16
415 1 0.7 0 0.9 -0.00181159 8.60206e-16 -1.05818e-16
416 1 0.6 0.1 0.9 0.00643263 2.35922e-16 -9.36751e-17
431 1 0.5 0.2 0.9 0.0759779 1.15619e-15 -9.02056e-17
433 1 0.6 0.2 0.8 0.00643263 8.55652e-16 -5.55112e-17
435 1 0.7 0.2 0.9 -0.00181159 1.08399e-15 -2.77556e-16
417 1 0.8 0 0.8 0.000621088 7.97973e-16 -5.72459e-17
418 1 0.9 0.1 0.8 0.000124547 2.08167e-16 -4.51028e-17
419 1 0.9 0 0.9 0.000124547 8.74301e-16 -3.05311e-16
420 1 0.8 0.1 0.9 0.000621088 1.59595e-16 -2.94903e-16
437 1 0.8 0.2 0.8 0.000621088 1.13061e-15 -1.249e-16
439 1 0.9 0.2 0.9 0.000124547 1.00137e-15 -2.70617e-16
422 1 0.1 0.3 0.8 -0.00193588 -1.56992e-15 -4.0766e-17
424 1 0 0.3 0.9 0.000601395 -1.7486e-15 -3.33067e-16
428 1 0.2 0.3 0.9 0.00641796 -1.49099e-15 -2.80158e-16
441 1 0 0.4 0.8 0.000601395 1.31839e-16 -2.77556e-17
443 1 0.1 0.4 0.9 -0.00193588 5.55112e-17 -2.15106e-16
445 1 0.2 0.4 0.8 0.00641796 4.29344e-17 -5.20417e-17
426 1 0.3 0.3 0.8 0.0656877 -1.78373e-15 5.37764e-17
432 1 0.402031 0.3 0.9 -0.152116 -2.13024e-15 -6.80879e-17
447 1 0.3 0.4 0.9 0.0656877 1.10589e-16 -1.249e-16
449 1 0.402031 0.4 0.8 -0.152116 1.47885e-16 -1.16226e-16
430 1 0.5 0.3 0.8 0.0759779 -1.87914e-15 -4.98733e-17
434 1 0.7 0.3 0.8 -0.00181159 -2.07169e-15 -2.55872e-16
436 1 0.6 0.3 0.9 0.00643263 -1.73559e-15 -2.44813e-16
451 1 0.5 0.4 0.9 0.0759779 6.72205e-17 -2.19226e-16
453 1 0.6 0.4 0.8 0.00643263 6.28837e-17 -9.80119e-17
455 1 0.7 0.4 0.9 -0.00181159 8.37004e-17 -2.5327e-16
438 1 0.9 0.3 0.8 0.000124547 -2.05391e-15 -3.46945e-17
440 1 0.8 0.3 0.9 0.000621088 -1.9984e-15 -1.78677e-16
457 1 0.8 0.4 0.8 0.000621088 3.98986e-17 -1.80411e-16
459 1 0.9 0.4 0.9 0.000124547 4.85723e-17 -1.52656e-16
442 1 0.1 0.5 0.8 -0.00193588 2.99457e-15 1.38778e-17
444 1 0 0.5 0.9 0.000601395 2.91043e-15 -2.01228e-16
448 1 0.2 0.5 0.9 0.00641796 2.77664e-15 -1.75207e-16
461 1 0 0.6 0.8 0.000601395 -2.86576e-15 -4.16334e-17
462 1 0.1 0.7 0.8 -0.00193588 -1.80411e-16 -8.67362e-17
463 1 0.1 0.6 0.9 -0.00193588 -2.95944e-15 -1.66533e-16
464 1 0 0.7 0.9 0.000601395 -2.01228e-16 -2.08167e-16
465 1 0.2 0.6 0.8 0.00641796 -2.57953e-15 -1.11022e-16
468 1 0.2 0.7 0.9 0.00641796 -1.17961e-16 -2.93168e-16
446 1 0.3 0.5 0.8 0.0656877 2.66584e-15 -1.11022e-16
452 1 0.402031 0.5 0.9 -0.152116 3.07306e-15 -1.10805e-16
466 1 0.3 0.7 0.8 0.0656877 -8.67362e-17 -1.04951e-16
467 1 0.3 0.6 0.9 0.0656877 -2.55872e-15 -2.55221e-16
469 1 0.402031 0.6 0.8 -0.152116 -2.9538e-15 -5.20417e-17
472 1 0.402031 0.7 0.9 -0.152116 -1.22298e-16 -2.09034e-16
450 1 0.5 0.5 0.8 0.0759779 3.24176e-15 -1.45283e-16
454 1 0.7 0.5 0.8 -0.00181159 2.98156e-15 -1.65666e-16
456 1 0.6 0.5 0.9 0.00643263 2.995e-15 -1.86266e-16
470 1 0.5 0.7 0.8 0.0759779 -2.34188e-16 -1.12757e-16
471 1 0.5 0.6 0.9 0.0759779 -3.11686e-15 -2.66931e-16
473 1 0.6 0.6 0.8 0.00643263 -2.96724e-15 -1.89952e-16
474 1 0.7 0.7 0.8 -0.00181159 -1.86483e-16 1.64799e-17
475 1 0.7 0.6 0.9 -0.00181159 -2.98286e-15 -3.49547e-16
476 1 0.6 0.7 0.9 0.00643263 -1.00614e-16 -3.48679e-16
458 1 0.9 0.5 0.8 0.000124547 2.96985e-15 -6.245e-17
460 1 0.8 0.5 0.9 0.000621088 2.93515e-15 -3.60822e-16
477 1 0.8 0.6 0.8 0.000621088 -2.92301e-15 -1.52656e-16
478 1 0.9 0.7 0.8 0.000124547 -1.56125e-17 -6.59195e-17
479 1 0.9 0.6 0.9 0.000124547 -2.94209e-15 -2.22045e-16
480 1 0.8 0.7 0.9 0.000621088 -1.55691e-16 -4.25007e-16
481 1 0 0.8 0.8 0.000601395 -2.08167e-17 -1.38778e-17
482 1 0.1 0.9 0.8 -0.00193588 -1.59595e-16 -1.73472e-17
483 1 0.1 0.8 0.9 -0.00193588 -6.07153e-17 -1.73472e-16
484 1 0 0.9 0.9 0.000601395 -1.249e-16 -1.11022e-16
485 1 0.2 0.8 0.8 0.00641796 -9.36751e-17 -6.41848e-17
488 1 0.2 0.9 0.9 0.00641796 -1.63931e-16 -2.98372e-16
486 1 0.3 0.9 0.8 0.0656877 -2.39392e-16 -1.21431e-16
487 1 0.3 0.8 0.9 0.0656877 -1.46584e-16 -2.51969e-16
489 1 0.402031 0.8 0.8 -0.152116 0 -3.46945e-18
492 1 0.402031 0.9 0.9 -0.152116 -1.56125e-16 -2.08167e-16
490 1 0.5 0.9 0.8 0.0759779 -2.65413e-16 -4.68375e-17
491 1 0.5 0.8 0.9 0.0759779 -2.08167e-17 -1.52222e-16
493 1 0.6 0.8 0.8 0.00643263 -7.63278e-17 3.46945e-18
494 1 0.7 0.9 0.8 -0.00181159 -1.61329e-16 -1.0842e-16
495 1 0.7 0.8 0.9 -0.00181159 -1.56125e-17 -1.58727e-16
496 1 0.6 0.9 0.9 0.00643263 -2.60209e-16 -2.84495e-16
497 1 0.8 0.8 0.8 0.000621088 -1.38778e-17 -8.32667e-17
498 1 0.9 0.9 0.8 0.000124547 -8.32667e-17 -2.77556e-17
499 1 0.9 0.8 0.9 0.000124547 5.55112e-17 -1.52656e-16
500 1 0.8 0.9 0.9 0.000621088 -2.13371e-16 -3.46945e-16
1 1 0 0 0 0.000601395 3.88578e-16 1.52656e-16
2 1 0.1 0.1 0 -0.00193588 -5.72459e-17 -3.46945e-17
3 1 0.1 0 0.1 -0.00193588 -1.52656e-16 6.07153e-17
4 1 0 0.1 0.1 0.000601395 1.52656e-16 1.80411e-16
5 1 0.2 0 0 0.00641796 1.65666e-16 7.45931e-17
8 1 0.2 0.1 0.1 0.00641796 1.75207e-16 2.0383e-16
21 1 0 0.2 0 0.000601395 1.15186e-15 1.31839e-16
23 1 0.1 0.2 0.1 -0.00193588 9.71445e-16 2.05998e-16
25 1 0.2 0.2 0 0.00641796 1.02002e-15 8.84709e-17
101 1 0 0 0.2 0.000601395 2.08167e-17 1.17961e-15
102 1 0.1 0.1 0.2 -0.00193588 1.68268e-16 1.02696e-15
105 1 0.2 0 0.2 0.00641796 5.46438e-17 1.07293e-15
121 1 0 0.2 0.2 0.000601395 1.09635e-15 1.13104e-15
125 1 0.2 0.2 0.2 0.00641796 1.09851e-15 1.15056e-15
6 1 0.3 0.1 0 0.0656877 1.38778e-16 1.17961e-16
7 1 0.3 0 0.1 0.0656877 5.55112e-17 1.52656e-16
9 1 0.402031 0 0 -0.152116 3.88578e-16 5.10009e-16
12 1 0.402031 0.1 0.1 -0.152116 8.32667e-17 1.85615e-16
27 1 0.3 0.2 0.1 0.0656877 1.0417e-15 3.55618e-16
29 1 0.402031 0.2 0 -0.152116 1.38951e-15 3.06179e-16
106 1 0.3 0.1 0.2 0.0656877 2.08167e-16 1.13104e-15
109 1 0.402031 0 0.2 -0.152116 1.38778e-16 1.35048e-15
129 1 0.402031 0.2 0.2 -0.152116 1.36263e-15 1.30451e-15
10 1 0.5 0.1 0 0.0759779 2.22045e-16 2.08167e-16
11 1 0.5 0 0.1 0.0759779 1.11022e-16 2.498e-16
13 1 0.6 0 0 0.00643263 6.66134e-16 7.78891e-16
14 1 0.7 0.1 0 -0.00181159 2.80158e-16 5.70724e-16
15 1 0.7 0 0.1 -0.00181159 5.03937e-16 2.98372e-16
16 1 0.6 0.1 0.1 0.00643263 1.38778e-16 3.19623e-16
31 1 0.5 0.2 0.1 0.0759779 1.04604e-15 3.81639e-16
33 1 0.6 0.2 0 0.00643263 8.08381e-16 5.55112e-16
35 1 0.7 0.2 0.1 -0.00181159 1.13603e-15 3.75568e-16
110 1 0.5 0.1 0.2 0.0759779 2.35922e-16 1.12063e-15
113 1 0.6 0 0.2 0.00643263 4.44089e-16 9.08995e-16
114 1 0.7 0.1 0.2 -0.00181159 3.64292e-16 1.00462e-15
133 1 0.6 0.2 0.2 0.00643263 7.64363e-16 7.58074e-16
17 1 0.8 0 0 0.000621088 7.49401e-16 7.14706e-16
18 1 0.9 0.1 0 0.000124547 1.73472e-16 3.02709e-16
19 1 0.9 0 0.1 0.000124547 3.00107e-16 1.94289e-16
20 1 0.8 0.1 0.1 0.000621088 3.34802e-16 3.63858e-16
37 1 0.8 0.2 0 0.000621088 1.08377e-15 4.78784e-16
39 1 0.9 0.2 0.1 0.000124547 1.05731e-15 2.22045e-16
117 1 0.8 0 0.2 0.000621088 3.92048e-16 1.11369e-15
118 1 0.9 0.1 0.2 0.000124547 2.84495e-16 1.1293e-15
137 1 0.8 0.2 0.2 0.000621088 1.02435e-15 1.1692e-15
22 1 0.1 0.3 0 -0.00193588 -1.20216e-15 2.08167e-16
24 1 0 0.3 0.1 0.000601395 -1.249e-15 2.91434e-16
28 1 0.2 0.3 0.1 0.00641796 -1.08941e-15 2.57606e-16
41 1 0 0.4 0 0.000601395 1.80411e-16 7.07767e-16
43 1 0.1 0.4 0.1 -0.00193588 6.93889e-17 2.25948e-16
45 1 0.2 0.4 0 0.00641796 7.80626e-17 3.93782e-16
122 1 0.1 0.3 0.2 -0.00193588 -1.12063e-15 1.05471e-15
141 1 0 0.4 0.2 0.000601395 6.93889e-17 9.85323e-16
145 1 0.2 0.4 0.2 0.00641796 3.07913e-17 1.13321e-15
26 1 0.3 0.3 0 0.0656877 -1.49533e-15 3.33067e-16
32 1 0.402031 0.3 0.1 -0.152116 -1.71564e-15 3.33067e-16
47 1 0.3 0.4 0.1 0.0656877 1.19045e-16 2.22045e-16
49 1 0.402031 0.4 0 -0.152116 7.28584e-17 7.77156e-16
126 1 0.3 0.3 0.2 0.0656877 -1.33877e-15 1.02002e-15
149 1 0.402031 0.4 0.2 -0.152116 1.09721e-16 1.36696e-15
30 1 0.5 0.3 0 0.0759779 -1.74123e-15 4.44089e-16
34 1 0.7 0.3 0 -0.00181159 -1.83967e-15 6.67001e-16
36 1 0.6 0.3 0.1 0.00643263 -1.23599e-15 2.498e-16
51 1 0.5 0.4 0.1 0.0759779 9.34582e-17 3.60822e-16
53 1 0.6 0.4 0 0.00643263 7.48099e-17 1.05471e-15
55 1 0.7 0.4 0.1 -0.00181159 7.37257e-17 3.40006e-16
130 1 0.5 0.3 0.2 0.0759779 -1.52265e-15 1.07032e-15
134 1 0.7 0.3 0.2 -0.00181159 -1.61806e-15 1.05905e-15
153 1 0.6 0.4 0.2 0.00643263 6.02816e-17 6.19296e-16
38 1 0.9 0.3 0 0.000124547 -1.7486e-15 6.80012e-16
40 1 0.8 0.3 0.1 0.000621088 -1.52656e-15 3.81639e-16
57 1 0.8 0.4 0 0.000621088 1.43115e-16 8.95117e-16
59 1 0.9 0.4 0.1 0.000124547 1.249e-16 3.19189e-16
138 1 0.9 0.3 0.2 0.000124547 -1.50574e-15 1.22125e-15
157 1 0.8 0.4 0.2 0.000621088 3.81639e-17 1.14839e-15
42 1 0.1 0.5 0 -0.00193588 3.05745e-15 5.41234e-16
44 1 0 0.5 0.1 0.000601395 3.08564e-15 2.498e-16
48 1 0.2 0.5 0.1 0.00641796 2.90002e-15 2.28983e-16
61 1 0 0.6 0 0.000601395 -2.94903e-15 6.21031e-16
62 1 0.1 0.7 0 -0.00193588 -1.14492e-16 4.14599e-16
63 1 0.1 0.6 0.1 -0.00193588 -2.99847e-15 2.36356e-16
64 1 0 0.7 0.1 0.000601395 -1.67401e-16 3.05311e-16
65 1 0.2 0.6 0 0.00641796 -2.67841e-15 3.6169e-16
68 1 0.2 0.7 0.1 0.00641796 -1.21431e-16 2.64545e-16
142 1 0.1 0.5 0.2 -0.00193588 2.81719e-15 7.77156e-16
161 1 0 0.6 0.2 0.000601395 -2.67841e-15 8.24861e-16
162 1 0.1 0.7 0.2 -0.00193588 -2.70617e-16 1.09981e-15
165 1 0.2 0.6 0.2 0.00641796 -2.43859e-15 7.81493e-16
46 1 0.3 0.5 0 0.0656877 2.70422e-15 6.10623e-16
52 1 0.402031 0.5 0.1 -0.152116 3.1225e-15 3.88578e-16
66 1 0.3 0.7 0 0.0656877 -1.26635e-16 5.06539e-16
67 1 0.3 0.6 0.1 0.0656877 -2.49106e-15 3.33067e-16
69 1 0.402031 0.6 0 -0.152116 -2.88571e-15 7.49401e-16
72 1 0.402031 0.7 0.1 -0.152116 -1.69136e-16 2.30718e-16
146 1 0.3 0.5 0.2 0.0656877 2.39674e-15 6.85216e-16
166 1 0.3 0.7 0.2 0.0656877 -1.09288e-16 1.00267e-15
169 1 0.402031 0.6 0.2 -0.152116 -2.74173e-15 1.06512e-15
50 1 0.5 0.5 0 0.0759779 3.21444e-15 6.66134e-16
54 1 0.7 0.5 0 -0.00181159 3.10169e-15 1.02782e-15
56 1 0.6 0.5 0.1 0.00643263 3.09822e-15 2.22045e-16
70 1 0.5 0.7 0 0.0759779 -1.35308e-16 7.2338e-16
71 1 0.5 0.6 0.1 0.0759779 -3.08651e-15 3.33067e-16
73 1 0.6 0.6 0 0.00643263 -3.04184e-15 1.02696e-15
74 1 0.7 0.7 0 -0.00181159 -1.18829e-16 1.08594e-15
75 1 0.7 0.6 0.1 -0.00181159 -2.80158e-15 3.67761e-16
76 1 0.6 0.7 0.1 0.00643263 -1.42247e-16 4.23273e-16
150 1 0.5 0.5 0.2 0.0759779 2.90046e-15 7.42462e-16
154 1 0.7 0.5 0.2 -0.00181159 2.77469e-15 9.28944e-16
170 1 0.5 0.7 0.2 0.0759779 -2.23779e-16 1.079e-15
173 1 0.6 0.6 0.2 0.00643263 -2.77512e-15 3.41741e-16
174 1 0.7 0.7 0.2 -0.00181159 -2.28983e-16 1.09635e-15
58 1 0.9 0.5 0 0.000124547 2.96985e-15 1.00614e-15
60 1 0.8 0.5 0.1 0.000621088 3.01148e-15 3.50414e-16
77 1 0.8 0.6 0 0.000621088 -2.94556e-15 9.99201e-16
78 1 0.9 0.7 0 0.000124547 -2.55004e-16 9.33281e-16
79 1 0.9 0.6 0.1 0.000124547 -2.85882e-15 2.91434e-16
80 1 0.8 0.7 0.1 0.000621088 -2.50668e-16 4.05925e-16
158 1 0.9 0.5 0.2 0.000124547 2.81025e-15 8.18789e-16
177 1 0.8 0.6 0.2 0.000621088 -2.55091e-15 8.7777e-16
178 1 0.9 0.7 0.2 0.000124547 -1.66533e-16 1.14839e-15
81 1 0 0.8 0 0.000601395 6.245e-17 6.26235e-16
82 1 0.1 0.9 0 -0.00193588 -1.94289e-16 4.16334e-16
83 1 0.1 0.8 0.1 -0.00193588 -3.81639e-17 3.22659e-16
84 1 0 0.9 0.1 0.000601395 -1.31839e-16 1.80411e-16
85 1 0.2 0.8 0 0.00641796 3.46945e-18 5.4904e-16
88 1 0.2 0.9 0.1 0.00641796 -1.96024e-16 2.15973e-16
181 1 0 0.8 0.2 0.000601395 -1.38778e-16 1.05038e-15
182 1 0.1 0.9 0.2 -0.00193588 -2.56739e-16 9.78384e-16
185 1 0.2 0.8 0.2 0.00641796 -3.20924e-17 1.06859e-15
86 1 0.3 0.9 0 0.0656877 -1.52656e-16 7.18176e-16
87 1 0.3 0.8 0.1 0.0656877 1.01048e-16 2.23346e-16
89 1 0.402031 0.8 0 -0.152116 1.38778e-17 6.83481e-16
92 1 0.402031 0.9 0.1 -0.152116 -7.63278e-17 2.08167e-16
186 1 0.3 0.9 0.2 0.0656877 -1.00614e-16 9.88792e-16
189 1 0.402031 0.8 0.2 -0.152116 2.77556e-17 1.36263e-15
90 1 0.5 0.9 0 0.0759779 -1.26635e-16 6.245e-16
91 1 0.5 0.8 0.1 0.0759779 4.11997e-17 1.99927e-16
93 1 0.6 0.8 0 0.00643263 -6.245e-17 9.64506e-16
94 1 0.7 0.9 0 -0.00181159 -1.97758e-16 9.64506e-16
95 1 0.7 0.8 0.1 -0.00181159 -4.81386e-17 3.49547e-16
96 1 0.6 0.9 0.1 0.00643263 -4.51028e-17 3.33067e-16
190 1 0.5 0.9 0.2 0.0759779 -4.94396e-17 1.11022e-15
193 1 0.6 0.8 0.2 0.00643263 4.33681e-17 7.77156e-16
194 1 0.7 0.9 0.2 -0.00181159 -2.05131e-16 1.16075e-15
97 1 0.8 0.8 0 0.000621088 -2.77556e-17 1.0339e-15
98 1 0.9 0.9 0 0.000124547 -9.71445e-17 7.91034e-16
99 1 0.9 0.8 0.1 0.000124547 8.67362e-18 3.88578e-16
100 1 0.8 0.9 0.1 0.000621088 -1.83881e-16 3.01842e-16
197 1 0.8 0.8 0.2 0.000621088 -1.59595e-16 1.0764e-15
198 1 0.9 0.9 0.2 0.000124547 -2.63678e-16 1.05905e-15
103 1 0.1 0 0.3 -0.00193588 1.249e-16 -1.32186e-15
104 1 0 0.1 0.3 0.000601395 2.98372e-16 -1.249e-15
108 1 0.2 0.1 0.3 0.00641796 2.84495e-16 -1.13451e-15
123 1 0.1 0.2 0.3 -0.00193588 1.04083e-15 -1.08594e-15
201 1 0 0 0.4 0.000601395 7.21645e-16 1.45717e-16
202 1 0.1 0.1 0.4 -0.00193588 2.09902e-16 1.80411e-16
205 1 0.2 0 0.4 0.00641796 5.54678e-16 2.34188e-17
221 1 0 0.2 0.4 0.000601395 1.06165e-15 9.02056e-17
225 1 0.2 0.2 0.4 0.00641796 1.08355e-15 8.50015e-17
107 1 0.3 0 0.3 0.0656877 3.33067e-16 -1.54043e-15
112 1 0.402031 0.1 0.3 -0.152116 2.498e-16 -1.63064e-15
127 1 0.3 0.2 0.3 0.0656877 9.79251e-16 -1.31579e-15
206 1 0.3 0.1 0.4 0.0656877 2.22045e-16 1.80411e-16
209 1 0.402031 0 0.4 -0.152116 7.21645e-16 1.88217e-16
229 1 0.402031 0.2 0.4 -0.152116 1.4099e-15 4.94396e-17
111 1 0.5 0 0.3 0.0759779 4.996e-16 -1.60982e-15
115 1 0.7 0 0.3 -0.00181159 7.22079e-16 -1.85962e-15
116 1 0.6 0.1 0.3 0.00643263 2.22045e-16 -1.28196e-15
131 1 0.5 0.2 0.3 0.0759779 1.10242e-15 -1.42594e-15
135 1 0.7 0.2 0.3 -0.00181159 1.08724e-15 -1.6185e-15
210 1 0.5 0.1 0.4 0.0759779 2.08167e-16 1.70003e-16
213 1 0.6 0 0.4 0.00643263 9.4369e-16 2.05565e-16
214 1 0.7 0.1 0.4 -0.00181159 3.7817e-16 2.31586e-16
233 1 0.6 0.2 0.4 0.00643263 6.37945e-16 2.41127e-16
119 1 0.9 0 0.3 0.000124547 7.07767e-16 -1.88738e-15
120 1 0.8 0.1 0.3 0.000621088 2.89699e-16 -1.72085e-15
139 1 0.9 0.2 0.3 0.000124547 1.09461e-15 -1.68962e-15
217 1 0.8 0 0.4 0.000621088 8.53484e-16 1.31839e-16
218 1 0.9 0.1 0.4 0.000124547 1.59595e-16 1.249e-16
237 1 0.8 0.2 0.4 0.000621088 1.08507e-15 1.09288e-16
124 1 0 0.3 0.3 0.000601395 -1.52656e-15 -1.59595e-15
128 1 0.2 0.3 0.3 0.00641796 -1.25637e-15 -1.26808e-15
143 1 0.1 0.4 0.3 -0.00193588 1.11022e-16 -1.57339e-15
222 1 0.1 0.3 0.4 -0.00193588 -1.55084e-15 9.02056e-17
241 1 0 0.4 0.4 0.000601395 1.04083e-16 1.38778e-16
245 1 0.2 0.4 0.4 0.00641796 1.17094e-16 1.73472e-17
132 1 0.402031 0.3 0.3 -0.152116 -1.98973e-15 -1.80411e-15
147 1 0.3 0.4 0.3 0.0656877 6.26669e-17 -1.76855e-15
226 1 0.3 0.3 0.4 0.0656877 -1.81105e-15 1.10589e-16
249 1 0.402031 0.4 0.4 -0.152116 1.50487e-16 1.79978e-16
136 1 0.6 0.3 0.3 0.00643263 -1.55778e-15 -1.4962e-15
151 1 0.5 0.4 0.3 0.0759779 9.47593e-17 -1.85832e-15
155 1 0.7 0.4 0.3 -0.00181159 5.46438e-17 -2.1658e-15
230 1 0.5 0.3 0.4 0.0759779 -1.88781e-15 1.83664e-16
234 1 0.7 0.3 0.4 -0.00181159 -2.14672e-15 1.56992e-16
253 1 0.6 0.4 0.4 0.00643263 4.29344e-17 2.40259e-16
140 1 0.8 0.3 0.3 0.000621088 -1.83187e-15 -1.77289e-15
159 1 0.9 0.4 0.3 0.000124547 3.46945e-17 -2.1233e-15
238 1 0.9 0.3 0.4 0.000124547 -1.98452e-15 2.22045e-16
257 1 0.8 0.4 0.4 0.000621088 1.64799e-16 -9.54098e-18
144 1 0 0.5 0.3 0.000601395 2.83064e-15 -1.5335e-15
148 1 0.2 0.5 0.3 0.00641796 2.60989e-15 -1.29844e-15
163 1 0.1 0.6 0.3 -0.00193588 -2.6177e-15 -1.33313e-15
164 1 0 0.7 0.3 0.000601395 -2.15106e-16 -1.81799e-15
168 1 0.2 0.7 0.3 0.00641796 -1.50921e-16 -1.57773e-15
242 1 0.1 0.5 0.4 -0.00193588 2.99196e-15 1.66533e-16
261 1 0 0.6 0.4 0.000601395 -2.8727e-15 1.21431e-16
262 1 0.1 0.7 0.4 -0.00193588 -1.97758e-16 6.07153e-17
265 1 0.2 0.6 0.4 0.00641796 -2.62637e-15 6.245e-17
152 1 0.402031 0.5 0.3 -0.152116 2.73739e-15 -1.82623e-15
167 1 0.3 0.6 0.3 0.0656877 -2.25948e-15 -1.46541e-15
172 1 0.402031 0.7 0.3 -0.152116 -2.30718e-16 -2.1658e-15
246 1 0.3 0.5 0.4 0.0656877 2.62507e-15 1.32923e-16
266 1 0.3 0.7 0.4 0.0656877 -1.73472e-16 8.76035e-17
269 1 0.402031 0.6 0.4 -0.152116 -2.99153e-15 1.23599e-16
156 1 0.6 0.5 0.3 0.00643263 2.78944e-15 -1.5361e-15
171 1 0.5 0.6 0.3 0.0759779 -2.81676e-15 -1.52005e-15
175 1 0.7 0.6 0.3 -0.00181159 -2.59731e-15 -1.87177e-15
176 1 0.6 0.7 0.3 0.00643263 -1.5439e-16 -1.8761e-15
250 1 0.5 0.5 0.4 0.0759779 3.06222e-15 7.89299e-17
254 1 0.7 0.5 0.4 -0.00181159 3.08737e-15 1.50054e-16
270 1 0.5 0.7 0.4 0.0759779 -2.25514e-16 1.26635e-16
273 1 0.6 0.6 0.4 0.00643263 -3.05528e-15 2.37657e-16
274 1 0.7 0.7 0.4 -0.00181159 -2.13371e-16 1.49186e-16
160 1 0.8 0.5 0.3 0.000621088 2.62984e-15 -1.75554e-15
179 1 0.9 0.6 0.3 0.000124547 -2.45637e-15 -1.75554e-15
180 1 0.8 0.7 0.3 0.000621088 -2.04697e-16 -2.08167e-15
258 1 0.9 0.5 0.4 0.000124547 3.08781e-15 1.11022e-16
277 1 0.8 0.6 0.4 0.000621088 -2.80505e-15 8.93383e-17
278 1 0.9 0.7 0.4 0.000124547 -2.54137e-16 0
183 1 0.1 0.8 0.3 -0.00193588 -1.16226e-16 -1.54217e-15
184 1 0 0.9 0.3 0.000601395 -2.498e-16 -1.88738e-15
188 1 0.2 0.9 0.3 0.00641796 -1.66533e-16 -1.67314e-15
281 1 0 0.8 0.4 0.000601395 -1.94289e-16 1.42247e-16
282 1 0.1 0.9 0.4 -0.00193588 -1.66533e-16 6.93889e-17
285 1 0.2 0.8 0.4 0.00641796 -1.17094e-17 7.71952e-17
187 1 0.3 0.8 0.3 0.0656877 2.77556e-17 -1.84575e-15
192 1 0.402031 0.9 0.3 -0.152116 -4.77049e-17 -2.1606e-15
286 1 0.3 0.9 0.4 0.0656877 -6.93889e-17 1.52656e-16
289 1 0.402031 0.8 0.4 -0.152116 -1.69136e-17 6.89553e-17
191 1 0.5 0.8 0.3 0.0759779 1.38778e-17 -1.83187e-15
195 1 0.7 0.8 0.3 -0.00181159 -2.86229e-17 -2.19963e-15
196 1 0.6 0.9 0.3 0.00643263 -5.0307e-17 -1.72085e-15
290 1 0.5 0.9 0.4 0.0759779 -2.77556e-17 4.16334e-17
293 1 0.6 0.8 0.4 0.00643263 -8.67362e-18 2.00361e-16
294 1 0.7 0.9 0.4 -0.00181159 -1.35308e-16 2.87097e-16
199 1 0.9 0.8 0.3 0.000124547 -6.93889e-17 -2.06432e-15
200 1 0.8 0.9 0.3 0.000621088 -1.97758e-16 -2.06779e-15
297 1 0.8 0.8 0.4 0.000621088 -1.59595e-16 1.19696e-16
298 1 0.9 0.9 0.4 0.000124547 -2.35922e-16 1.38778e-16
203 1 0.1 0 0.5 -0.00193588 5.68989e-16 3.09648e-15
204 1 0 0.1 0.5 0.000601395 2.498e-16 3.13074e-15
208 1 0.2 0.1 0.5 0.00641796 2.81025e-16 2.92041e-15
223 1 0.1 0.2 0.5 -0.00193588 8.01442e-16 2.84755e-15
301 1 0 0 0.6 0.000601395 7.56339e-16 -2.83107e-15
302 1 0.1 0.1 0.6 -0.00193588 3.55618e-16 -2.91954e-15
303 1 0.1 0 0.7 -0.00193588 3.64292e-16 -8.32667e-17
304 1 0 0.1 0.7 0.000601395 2.08167e-16 -1.21431e-17
305 1 0.2 0 0.6 0.00641796 5.27356e-16 -2.56566e-15
308 1 0.2 0.1 0.7 0.00641796 2.5327e-16 -1.80411e-16
321 1 0 0.2 0.6 0.000601395 8.78637e-16 -2.60902e-15
323 1 0.1 0.2 0.7 -0.00193588 9.57567e-16 -1.94289e-16
325 1 0.2 0.2 0.6 0.00641796 7.60676e-16 -2.46504e-15
207 1 0.3 0 0.5 0.0656877 6.38378e-16 2.60555e-15
212 1 0.402031 0.1 0.5 -0.152116 3.05311e-16 3.03143e-15
227 1 0.3 0.2 0.5 0.0656877 7.35523e-16 2.41474e-15
306 1 0.3 0.1 0.6 0.0656877 3.05311e-16 -2.52836e-15
307 1 0.3 0 0.7 0.0656877 6.38378e-16 -1.23165e-16
309 1 0.402031 0 0.6 -0.152116 7.49401e-16 -2.92821e-15
312 1 0.402031 0.1 0.7 -0.152116 2.22045e-16 -2.70617e-16
327 1 0.3 0.2 0.7 0.0656877 1.06642e-15 -2.6628e-16
329 1 0.402031 0.2 0.6 -0.152116 1.06685e-15 -2.72265e-15
211 1 0.5 0 0.5 0.0759779 7.21645e-16 3.13118e-15
215 1 0.7 0 0.5 -0.00181159 9.15934e-16 3.0839e-15
216 1 0.6 0.1 0.5 0.00643263 3.33067e-16 3.24567e-15
231 1 0.5 0.2 0.5 0.0759779 7.96238e-16 2.94296e-15
235 1 0.7 0.2 0.5 -0.00181159 8.56953e-16 2.86056e-15
310 1 0.5 0.1 0.6 0.0759779 3.33067e-16 -3.09171e-15
311 1 0.5 0 0.7 0.0759779 6.66134e-16 -2.22912e-16
313 1 0.6 0 0.6 0.00643263 8.88178e-16 -3.02536e-15
314 1 0.7 0.1 0.6 -0.00181159 4.23273e-16 -2.9074e-15
315 1 0.7 0 0.7 -0.00181159 8.87745e-16 -1.78243e-16
316 1 0.6 0.1 0.7 0.00643263 3.747e-16 -2.98372e-16
331 1 0.5 0.2 0.7 0.0759779 1.06469e-15 -3.20924e-16
333 1 0.6 0.2 0.6 0.00643263 5.20851e-16 -2.7053e-15
335 1 0.7 0.2 0.7 -0.00181159 1.18959e-15 -3.1572e-16
219 1 0.9 0 0.5 0.000124547 9.29812e-16 3.19189e-15
220 1 0.8 0.1 0.5 0.000621088 4.11129e-16 3.01148e-15
239 1 0.9 0.2 0.5 0.000124547 8.63459e-16 2.99934e-15
317 1 0.8 0 0.6 0.000621088 8.46545e-16 -2.85189e-15
318 1 0.9 0.1 0.6 0.000124547 1.11022e-16 -2.83107e-15
319 1 0.9 0 0.7 0.000124547 8.67362e-16 -1.31839e-16
320 1 0.8 0.1 0.7 0.000621088 2.89699e-16 -3.01842e-16
337 1 0.8 0.2 0.6 0.000621088 8.53484e-16 -2.67711e-15
339 1 0.9 0.2 0.7 0.000124547 1.10459e-15 -2.63678e-16
224 1 0 0.3 0.5 0.000601395 -1.5335e-15 2.85102e-15
228 1 0.2 0.3 0.5 0.00641796 -1.26114e-15 2.534e-15
243 1 0.1 0.4 0.5 -0.00193588 7.63278e-17 3.09518e-15
322 1 0.1 0.3 0.6 -0.00193588 -1.3687e-15 -2.5804e-15
324 1 0 0.3 0.7 0.000601395 -1.79023e-15 -1.16226e-16
328 1 0.2 0.3 0.7 0.00641796 -1.60809e-15 -1.67401e-16
341 1 0 0.4 0.6 0.000601395 7.02563e-17 -2.91434e-15
343 1 0.1 0.4 0.7 -0.00193588 1.04083e-16 -2.35922e-16
345 1 0.2 0.4 0.6 0.00641796 1.02349e-16 -2.60989e-15
232 1 0.402031 0.3 0.5 -0.152116 -1.88695e-15 2.80245e-15
247 1 0.3 0.4 0.5 0.0656877 7.09068e-17 2.73089e-15
326 1 0.3 0.3 0.6 0.0656877 -1.58337e-15 -2.33927e-15
332 1 0.402031 0.3 0.7 -0.152116 -2.21654e-15 -2.3679e-16
347 1 0.3 0.4 0.7 0.0656877 6.1149e-17 -2.68882e-16
349 1 0.402031 0.4 0.6 -0.152116 1.51788e-16 -3.00584e-15
236 1 0.6 0.3 0.5 0.00643263 -1.59942e-15 2.98286e-15
251 1 0.5 0.4 0.5 0.0759779 1.02349e-16 3.37447e-15
255 1 0.7 0.4 0.5 -0.00181159 1.30104e-16 3.19189e-15
330 1 0.5 0.3 0.6 0.0759779 -1.69179e-15 -2.75431e-15
334 1 0.7 0.3 0.6 -0.00181159 -1.79327e-15 -2.69923e-15
336 1 0.6 0.3 0.7 0.00643263 -1.70176e-15 -2.41127e-16
351 1 0.5 0.4 0.7 0.0759779 1.20997e-16 -2.42428e-16
353 1 0.6 0.4 0.6 0.00643263 1.82146e-17 -2.90436e-15
355 1 0.7 0.4 0.7 -0.00181159 6.37511e-17 -3.19189e-16
240 1 0.8 0.3 0.5 0.000621088 -1.86656e-15 2.85535e-15
259 1 0.9 0.4 0.5 0.000124547 1.45717e-16 3.05311e-15
338 1 0.9 0.3 0.6 0.000124547 -1.73646e-15 -2.52576e-15
340 1 0.8 0.3 0.7 0.000621088 -2.00187e-15 -1.17961e-16
357 1 0.8 0.4 0.6 0.000621088 1.48319e-16 -2.81199e-15
359 1 0.9 0.4 0.7 0.000124547 -5.55112e-17 -1.8735e-16
244 1 0 0.5 0.5 0.000601395 3.09128e-15 3.04097e-15
248 1 0.2 0.5 0.5 0.00641796 2.79334e-15 2.81719e-15
263 1 0.1 0.6 0.5 -0.00193588 -2.86229e-15 3.16067e-15
264 1 0 0.7 0.5 0.000601395 -2.28983e-16 3.10169e-15
268 1 0.2 0.7 0.5 0.00641796 -2.55004e-16 2.90176e-15
342 1 0.1 0.5 0.6 -0.00193588 3.15633e-15 -2.90349e-15
344 1 0 0.5 0.7 0.000601395 3.00367e-15 -1.33574e-16
348 1 0.2 0.5 0.7 0.00641796 2.88354e-15 -1.59595e-16
361 1 0 0.6 0.6 0.000601395 -2.8727e-15 -2.96985e-15
362 1 0.1 0.7 0.6 -0.00193588 -3.40006e-16 -2.92561e-15
363 1 0.1 0.6 0.7 -0.00193588 -2.93515e-15 -3.1225e-16
364 1 0 0.7 0.7 0.000601395 -6.93889e-17 -1.38778e-16
365 1 0.2 0.6 0.6 0.00641796 -2.64025e-15 -2.56566e-15
368 1 0.2 0.7 0.7 0.00641796 -1.93855e-16 -1.79544e-16
252 1 0.402031 0.5 0.5 -0.152116 2.98828e-15 3.05658e-15
267 1 0.3 0.6 0.5 0.0656877 -2.53877e-15 2.84711e-15
272 1 0.402031 0.7 0.5 -0.152116 -1.99493e-16 3.11383e-15
346 1 0.3 0.5 0.6 0.0656877 2.84278e-15 -2.57953e-15
352 1 0.402031 0.5 0.7 -0.152116 3.02427e-15 -2.22912e-16
366 1 0.3 0.7 0.6 0.0656877 -3.13985e-16 -2.48326e-15
367 1 0.3 0.6 0.7 0.0656877 -2.5314e-15 -2.51969e-16
369 1 0.402031 0.6 0.6 -0.152116 -2.90306e-15 -2.86706e-15
372 1 0.402031 0.7 0.7 -0.152116 -1.62847e-16 -2.48933e-16
256 1 0.6 0.5 0.5 0.00643263 3.04336e-15 3.165e-15
271 1 0.5 0.6 0.5 0.0759779 -3.07697e-15 3.30161e-15
275 1 0.7 0.6 0.5 -0.00181159 -2.92691e-15 3.24393e-15
276 1 0.6 0.7 0.5 0.00643263 -2.30718e-16 3.19536e-15
350 1 0.5 0.5 0.6 0.0759779 3.18972e-15 -2.84278e-15
354 1 0.7 0.5 0.6 -0.00181159 3.14679e-15 -2.76255e-15
356 1 0.6 0.5 0.7 0.00643263 3.06786e-15 -2.63678e-16
370 1 0.5 0.7 0.6 0.0759779 -2.89699e-16 -2.89005e-15
371 1 0.5 0.6 0.7 0.0759779 -3.03403e-15 -3.10949e-16
373 1 0.6 0.6 0.6 0.00643263 -2.94079e-15 -2.84538e-15
374 1 0.7 0.7 0.6 -0.00181159 -1.88217e-16 -2.80505e-15
375 1 0.7 0.6 0.7 -0.00181159 -3.02449e-15 -2.34188e-16
376 1 0.6 0.7 0.7 0.00643263 -1.48319e-16 -2.62811e-16
260 1 0.8 0.5 0.5 0.000621088 3.10516e-15 3.13985e-15
279 1 0.9 0.6 0.5 0.000124547 -2.88658e-15 2.98546e-15
280 1 0.8 0.7 0.5 0.000621088 -3.06179e-16 3.08087e-15
358 1 0.9 0.5 0.6 0.000124547 3.06265e-15 -2.88658e-15
360 1 0.8 0.5 0.7 0.000621088 3.09822e-15 -3.01842e-16
377 1 0.8 0.6 0.6 0.000621088 -2.97939e-15 -3.05138e-15
378 1 0.9 0.7 0.6 0.000124547 -2.3332e-16 -2.98372e-15
379 1 0.9 0.6 0.7 0.000124547 -2.86576e-15 -1.63281e-16
380 1 0.8 0.7 0.7 0.000621088 -1.4962e-16 -2.25514e-16
283 1 0.1 0.8 0.5 -0.00193588 -1.66533e-16 3.02189e-15
284 1 0 0.9 0.5 0.000601395 -2.35922e-16 3.18495e-15
288 1 0.2 0.9 0.5 0.00641796 -1.52656e-16 2.69966e-15
381 1 0 0.8 0.6 0.000601395 -6.93889e-17 -2.77556e-15
382 1 0.1 0.9 0.6 -0.00193588 -1.52656e-16 -2.80678e-15
383 1 0.1 0.8 0.7 -0.00193588 -7.02563e-17 -1.249e-16
384 1 0 0.9 0.7 0.000601395 -7.63278e-17 -1.66533e-16
385 1 0.2 0.8 0.6 0.00641796 -3.72966e-17 -2.55698e-15
388 1 0.2 0.9 0.7 0.00641796 -1.56125e-16 -1.38778e-17
287 1 0.3 0.8 0.5 0.0656877 -1.249e-16 2.76515e-15
292 1 0.402031 0.9 0.5 -0.152116 -8.76035e-17 3.0774e-15
386 1 0.3 0.9 0.6 0.0656877 -2.08167e-16 -2.498e-15
387 1 0.3 0.8 0.7 0.0656877 -7.97973e-17 -8.32667e-17
389 1 0.402031 0.8 0.6 -0.152116 -1.11456e-16 -2.82283e-15
392 1 0.402031 0.9 0.7 -0.152116 -2.39392e-16 -1.89085e-16
291 1 0.5 0.8 0.5 0.0759779 7.63278e-17 3.26822e-15
295 1 0.7 0.8 0.5 -0.00181159 -2.86229e-17 3.22355e-15
296 1 0.6 0.9 0.5 0.00643263 -1.32706e-16 3.19883e-15
390 1 0.5 0.9 0.6 0.0759779 -1.52656e-16 -3.13638e-15
391 1 0.5 0.8 0.7 0.0759779 -1.71738e-16 -1.94289e-16
393 1 0.6 0.8 0.6 0.00643263 -7.41594e-17 -2.87444e-15
394 1 0.7 0.9 0.6 -0.00181159 -3.26128e-16 -2.9126e-15
395 1 0.7 0.8 0.7 -0.00181159 -4.68375e-17 -2.95337e-16
396 1 0.6 0.9 0.7 0.00643263 -3.41741e-16 -1.12757e-16
299 1 0.9 0.8 0.5 0.000124547 -1.04083e-16 3.08781e-15
300 1 0.8 0.9 0.5 0.000621088 -2.59341e-16 3.07393e-15
397 1 0.8 0.8 0.6 0.000621088 -7.63278e-17 -3.00281e-15
398 1 0.9 0.9 0.6 0.000124547 -2.77556e-17 -2.88658e-15
399 1 0.9 0.8 0.7 0.000124547 2.08167e-17 -1.249e-16
400 1 0.8 0.9 0.7 0.000621088 -1.92554e-16 -2.04697e-16
401 1 0 0 0.8 0.000601395 6.55725e-16 -3.46945e-17
402 1 0.1 0.1 0.8 -0.00193588 1.05818e-16 -1.56125e-17
403 1 0.1 0 0.9 -0.00193588 4.61436e-16 -1.80411e-16
404 1 0 0.1 0.9 0.000601395 1.45717e-16 -2.68882e-16
405 1 0.2 0 0.8 0.00641796 3.59955e-16 -3.46945e-17
408 1 0.2 0.1 0.9 0.00641796 1.83881e-16 -3.81639e-16
421 1 0 0.2 0.8 0.000601395 1.04083e-15 2.77556e-17
423 1 0.1 0.2 0.9 -0.00193588 9.64506e-16 -3.22659e-16
425 1 0.2 0.2 0.8 0.00641796 1.00744e-15 -1.05818e-16
406 1 0.3 0.1 0.8 0.0656877 2.77556e-16 -8.84709e-17
407 1 0.3 0 0.9 0.0656877 6.38378e-16 -5.55112e-17
409 1 0.402031 0 0.8 -0.152116 6.10623e-16 -1.38778e-17
412 1 0.402031 0.1 0.9 -0.152116 1.38778e-16 -1.11022e-16
427 1 0.3 0.2 0.9 0.0656877 1.00614e-15 -1.72605e-16
429 1 0.402031 0.2 0.8 -0.152116 1.26982e-15 -1.24033e-16
410 1 0.5 0.1 0.8 0.0759779 3.33067e-16 1.04083e-17
411 1 0.5 0 0.9 0.0759779 5.82867e-16 -1.249e-16
413 1 0.6 0 0.8 0.00643263 9.4369e-16 -5.55112e-17
414 1 0.7 0.1 0.8 -0.00181159 2.80158e-16 -1.07553e-16
415 1 0.7 0 0.9 -0.00181159 8.60206e-16 -1.05818e-16
416 1 0.6 0.1 0.9 0.00643263 2.35922e-16 -9.36751e-17
431 1 0.5 0.2 0.9 0.0759779 1.15619e-15 -9.02056e-17
433 1 0.6 0.2 0.8 0.00643263 8.55652e-16 -5.55112e-17
435 1 0.7 0.2 0.9 -0.00181159 1.08399e-15 -2.77556e-16
417 1 0.8 0 0.8 0.000621088 7.97973e-16 -5.72459e-17
418 1 0.9 0.1 0.8 0.000124547 2.08167e-16 -4.51028e-17
419 1 0.9 0 0.9 0.000124547 8.74301e-16 -3.05311e-16
420 1 0.8 0.1 0.9 0.000621088 1.59595e-16 -2.94903e-16
437 1 0.8 0.2 0.8 0.000621088 1.13061e-15 -1.249e-16
439 1 0.9 0.2 0.9 0.000124547 1.00137e-15 -2.70617e-16
422 1 0.1 0.3 0.8 -0.00193588 -1.56992e-15 -4.0766e-17
424 1 0 0.3 0.9 0.000601395 -1.7486e-15 -3.33067e-16
428 1 0.2 0.3 0.9 0.00641796 -1.49099e-15 -2.80158e-16
441 1 0 0.4 0.8 0.000601395 1.31839e-16 -2.77556e-17
443 1 0.1 0.4 0.9 -0.00193588 5.55112e-17 -2.15106e-16
445 1 0.2 0.4 0.8 0.00641796 4.29344e-17 -5.20417e-17
426 1 0.3 0.3 0.8 0.0656877 -1.78373e-15 5.37764e-17
432 1 0.402031 0.3 0.9 -0.152116 -2.13024e-15 -6.80879e-17
447 1 0.3 0.4 0.9 0.0656877 1.10589e-16 -1.249e-16
449 1 0.402031 0.4 0.8 -0.152116 1.47885e-16 -1.16226e-16
430 1 0.5 0.3 0.8 0.0759779 -1.87914e-15 -4.98733e-17
434 1 0.7 0.3 0.8 -0.00181159 -2.07169e-15 -2.55872e-16
436 1 0.6 0.3 0.9 0.00643263 -1.73559e-15 -2.44813e-16
451 1 0.5 0.4 0.9 0.0759779 6.72205e-17 -2.19226e-16
453 1 0.6 0.4 0.8 0.00643263 6.28837e-17 -9.80119e-17
455 1 0.7 0.4 0.9 -0.00181159 8.37004e-17 -2.5327e-16
438 1 0.9 0.3 0.8 0.000124547 -2.05391e-15 -3.46945e-17
440 1 0.8 0.3 0.9 0.000621088 -1.9984e-15 -1.78677e-16
457 1 0.8 0.4 0.8 0.000621088 3.98986e-17 -1.80411e-16
459 1 0.9 0.4 0.9 0.000124547 4.85723e-17 -1.52656e-16
442 1 0.1 0.5 0.8 -0.00193588 2.99457e-15 1.38778e-17
444 1 0 0.5 0.9 0.000601395 2.91043e-15 -2.01228e-16
448 1 0.2 0.5 0.9 0.00641796 2.77664e-15 -1.75207e-16
461 1 0 0.6 0.8 0.000601395 -2.86576e-15 -4.16334e-17
462 1 0.1 0.7 0.8 -0.00193588 -1.80411e-16 -8.67362e-17
463 1 0.1 0.6 0.9 -0.00193588 -2.95944e-15 -1.66533e-16
464 1 0 0.7 0.9 0.000601395 -2.01228e-16 -2.08167e-16
465 1 0.2 0.6 0.8 0.00641796 -2.57953e-15 -1.11022e-16
468 1 0.2 0.7 0.9 0.00641796 -1.17961e-16 -2.93168e-16
446 1 0.3 0.5 0.8 0.0656877 2.66584e-15 -1.11022e-16
452 1 0.402031 0.5 0.9 -0.152116 3.07306e-15 -1.10805e-16
466 1 0.3 0.7 0.8 0.0656877 -8.67362e-17 -1.04951e-16
467 1 0.3 0.6 0.9 0.0656877 -2.55872e-15 -2.55221e-16
469 1 0.402031 0.6 0.8 -0.152116 -2.9538e-15 -5.20417e-17
472 1 0.402031 0.7 0.9 -0.152116 -1.22298e-16 -2.09034e-16
450 1 0.5 0.5 0.8 0.0759779 3.24176e-15 -1.45283e-16
454 1 0.7 0.5 0.8 -0.00181159 2.98156e-15 -1.65666e-16
456 1 0.6 0.5 0.9 0.00643263 2.995e-15 -1.86266e-16
470 1 0.5 0.7 0.8 0.0759779 -2.34188e-16 -1.12757e-16
471 1 0.5 0.6 0.9 0.0759779 -3.11686e-15 -2.66931e-16
473 1 0.6 0.6 0.8 0.00643263 -2.96724e-15 -1.89952e-16
474 1 0.7 0.7 0.8 -0.00181159 -1.86483e-16 1.64799e-17
475 1 0.7 0.6 0.9 -0.00181159 -2.98286e-15 -3.49547e-16
476 1 0.6 0.7 0.9 0.00643263 -1.00614e-16 -3.48679e-16
458 1 0.9 0.5 0.8 0.000124547 2.96985e-15 -6.245e-17
460 1 0.8 0.5 0.9 0.000621088 2.93515e-15 -3.60822e-16
477 1 0.8 0.6 0.8 0.000621088 -2.92301e-15 -1.52656e-16
478 1 0.9 0.7 0.8 0.000124547 -1.56125e-17 -6.59195e-17
479 1 0.9 0.6 0.9 0.000124547 -2.94209e-15 -2.22045e-16
480 1 0.8 0.7 0.9 0.000621088 -1.55691e-16 -4.25007e-16
481 1 0 0.8 0.8 0.000601395 -2.08167e-17 -1.38778e-17
482 1 0.1 0.9 0.8 -0.00193588 -1.59595e-16 -1.73472e-17
483 1 0.1 0.8 0.9 -0.00193588 -6.07153e-17 -1.73472e-16
484 1 0 0.9 0.9 0.000601395 -1.249e-16 -1.11022e-16
485 1 0.2 0.8 0.8 0.00641796 -9.36751e-17 -6.41848e-17
488 1 0.2 0.9 0.9 0.00641796 -1.63931e-16 -2.98372e-16
486 1 0.3 0.9 0.8 0.0656877 -2.39392e-16 -1.21431e-16
487 1 0.3 0.8 0.9 0.0656877 -1.46584e-16 -2.51969e-16
489 1 0.402031 0.8 0.8 -0.152116 0 -3.46945e-18
492 1 0.402031 0.9 0.9 -0.152116 -1.56125e-16 -2.08167e-16
490 1 0.5 0.9 0.8 0.0759779 -2.65413e-16 -4.68375e-17
491 1 0.5 0.8 0.9 0.0759779 -2.08167e-17 -1.52222e-16
493 1 0.6 0.8 0.8 0.00643263 -7.63278e-17 3.46945e-18
494 1 0.7 0.9 0.8 -0.00181159 -1.61329e-16 -1.0842e-16
495 1 0.7 0.8 0.9 -0.00181159 -1.56125e-17 -1.58727e-16
496 1 0.6 0.9 0.9 0.00643263 -2.60209e-16 -2.84495e-16
497 1 0.8 0.8 0.8 0.000621088 -1.38778e-17 -8.32667e-17
498 1 0.9 0.9 0.8 0.000124547 -8.32667e-17 -2.77556e-17
499 1 0.9 0.8 0.9 0.000124547 5.55112e-17 -1.52656e-16
500 1 0.8 0.9 0.9 0.000621088 -2.13371e-16 -3.46945e-16