1 1 0 0 0 0.000389326 -2.76168e-15 -4.96825e-15
2 1 0.1 0.1 0.1 -0.000573403 -1.85268e-15 -1.44329e-15
3 1 0.2 0 0 0.060989 -2.11029e-15 -4.09481e-15
4 1 0.3 0.1 0.1 0.19653 -1.66533e-15 -1.35308e-15
5 1 0.403484 0 0 -0.503791 -2.498e-15 -2.41474e-15
6 1 0.5 0.1 0.1 0.188153 -1.72085e-15 -1.52656e-15
7 1 0.6 0 0 0.0586802 -3.83027e-15 -3.71925e-15
8 1 0.7 0.1 0.1 -0.000796858 -1.77636e-15 -1.47105e-15
9 1 0.8 0 0 0.000419937 -4.78784e-15 -4.98906e-15
10 1 0.9 0.1 0.1 -2.77556e-17 -1.76248e-15 -1.31839e-15
11 1 0 0.2 0 0.000389326 -7.35523e-16 -4.30211e-15
12 1 0.1 0.3 0.1 -0.000573403 1.249e-15 -1.47105e-15
13 1 0.2 0.2 0 0.060989 -1.69092e-15 -2.83367e-15
14 1 0.3 0.3 0.1 0.19653 4.6148e-15 -1.33227e-15
15 1 0.403484 0.2 0 -0.503791 -1.56819e-15 -2.72135e-15
16 1 0.5 0.3 0.1 0.188153 4.95849e-15 -1.72085e-15
17 1 0.6 0.2 0 0.0586802 -4.75314e-16 -3.72055e-15
18 1 0.7 0.3 0.1 -0.000796858 5.72914e-15 -1.44329e-15
19 1 0.8 0.2 0 0.000419937 3.53884e-16 -5.47479e-15
20 1 0.9 0.3 0.1 -6.93889e-17 5.52336e-15 -1.51268e-15
21 1 0 0.4 0 0.000389326 -1.27068e-15 -5.00988e-15
22 1 0.1 0.5 0.1 -0.000573403 -4.98213e-15 -1.58901e-15
31 1 0 0.6 0 0.000389326 8.24341e-15 -3.51108e-15
23 1 0.2 0.4 0 0.060989 -1.22276e-15 -5.38545e-15
24 1 0.3 0.5 0.1 0.19653 -6.93065e-15 -1.33227e-15
33 1 0.2 0.6 0 0.060989 7.92183e-15 -3.78777e-15
25 1 0.403484 0.4 0 -0.503791 -1.20195e-15 -3.77476e-15
26 1 0.5 0.5 0.1 0.188153 -9.09689e-15 -1.88738e-15
27 1 0.6 0.4 0 0.0586802 -1.28565e-15 -4.55191e-15
35 1 0.403484 0.6 0 -0.503791 7.85049e-15 -3.77476e-15
37 1 0.6 0.6 0 0.0586802 8.89501e-15 -4.71845e-15
28 1 0.7 0.5 0.1 -0.000796858 -9.63444e-15 -1.77636e-15
29 1 0.8 0.4 0 0.000419937 -1.38778e-15 -4.02456e-15
30 1 0.9 0.5 0.1 -8.32667e-17 -9.47853e-15 -1.84575e-15
39 1 0.8 0.6 0 0.000419937 9.21875e-15 -4.48253e-15
32 1 0.1 0.7 0.1 -0.000573403 2.28983e-15 -1.74166e-15
34 1 0.3 0.7 0.1 0.19653 2.28983e-15 -1.66533e-15
36 1 0.5 0.7 0.1 0.188153 2.16602e-15 -1.55431e-15
38 1 0.7 0.7 0.1 -0.000796858 2.27552e-15 -1.95482e-15
40 1 0.9 0.7 0.1 2.77556e-17 2.22045e-15 -1.91513e-15
41 1 0 0.8 0 0.000389326 -1.38778e-16 -4.88498e-15
42 1 0.1 0.9 0.1 -0.000573403 4.85723e-17 -1.19349e-15
43 1 0.2 0.8 0 0.060989 -1.11022e-16 -5.10095e-15
44 1 0.3 0.9 0.1 0.19653 -2.77556e-17 -1.83187e-15
45 1 0.403484 0.8 0 -0.503791 -1.38778e-17 -3.86496e-15
46 1 0.5 0.9 0.1 0.188153 1.59595e-16 -1.36002e-15
47 1 0.6 0.8 0 0.0586802 -1.66533e-16 -4.47559e-15
48 1 0.7 0.9 0.1 -0.000796858 2.77556e-17 -1.63758e-15
49 1 0.8 0.8 0 0.000419937 -1.66533e-16 -3.92048e-15
50 1 0.9 0.9 0.1 -9.71445e-17 -4.16334e-17 -1.40166e-15
51 1 0 0 0.2 0.000389326 -3.16414e-15 5.13478e-16
52 1 0.1 0.1 0.3 -0.000573403 -1.7486e-15 5.48867e-15
53 1 0.2 0 0.2 0.060989 -1.83317e-15 -5.84168e-16
54 1 0.3 0.1 0.3 0.19653 -1.44329e-15 4.55885e-15
55 1 0.403484 0 0.2 -0.503791 -2.88658e-15 -1.4988e-15
56 1 0.5 0.1 0.3 0.188153 -1.83187e-15 4.86416e-15
57 1 0.6 0 0.2 0.0586802 -2.9976e-15 -1.20737e-15
58 1 0.7 0.1 0.3 -0.000796858 -1.77636e-15 5.59275e-15
59 1 0.8 0 0.2 0.000419937 -5.41234e-15 4.71845e-16
60 1 0.9 0.1 0.3 4.16334e-17 -1.89432e-15 5.46785e-15
61 1 0 0.2 0.2 0.000389326 -5.13478e-16 -5.96745e-16
62 1 0.1 0.3 0.3 -0.000573403 5.39846e-15 5.21805e-15
63 1 0.2 0.2 0.2 0.060989 -2.4297e-15 -2.37484e-15
64 1 0.3 0.3 0.3 0.19653 5.62679e-15 5.52943e-15
65 1 0.403484 0.2 0.2 -0.503791 -2.71658e-15 -2.60512e-15
66 1 0.5 0.3 0.3 0.188153 5.28961e-15 6.78754e-15
67 1 0.6 0.2 0.2 0.0586802 -5.79398e-16 -5.94143e-16
68 1 0.7 0.3 0.3 -0.000796858 4.9934e-15 4.99362e-15
69 1 0.8 0.2 0.2 0.000419937 5.13478e-16 4.16334e-16
70 1 0.9 0.3 0.3 9.71445e-17 5.08621e-15 4.98213e-15
71 1 0 0.4 0.2 0.000389326 -1.39559e-15 4.85723e-16
72 1 0.1 0.5 0.3 -0.000573403 -9.10383e-15 5.12784e-15
81 1 0 0.6 0.2 0.000389326 8.79852e-15 -1.1241e-15
73 1 0.2 0.4 0.2 0.060989 -1.06664e-15 3.31766e-16
74 1 0.3 0.5 0.3 0.19653 -7.80018e-15 4.18502e-15
83 1 0.2 0.6 0.2 0.060989 7.36065e-15 -5.08274e-16
75 1 0.403484 0.4 0.2 -0.503791 -1.08832e-15 4.47559e-16
76 1 0.5 0.5 0.3 0.188153 -9.05005e-15 6.94431e-15
77 1 0.6 0.4 0.2 0.0586802 -1.20281e-15 -1.07206e-15
85 1 0.403484 0.6 0.2 -0.503791 7.53998e-15 2.87964e-16
87 1 0.6 0.6 0.2 0.0586802 1.02585e-14 -2.1233e-15
78 1 0.7 0.5 0.3 -0.000796858 -1.07813e-14 6.66524e-15
79 1 0.8 0.4 0.2 0.000419937 -1.32533e-15 4.78784e-16
80 1 0.9 0.5 0.3 -9.71445e-17 -1.08732e-14 6.57807e-15
89 1 0.8 0.6 0.2 0.000419937 1.13232e-14 -1.26288e-15
82 1 0.1 0.7 0.3 -0.000573403 2.3731e-15 5.85643e-15
84 1 0.3 0.7 0.3 0.19653 2.23693e-15 4.90233e-15
86 1 0.5 0.7 0.3 0.188153 2.26208e-15 6.53709e-15
88 1 0.7 0.7 0.3 -0.000796858 2.24972e-15 4.75119e-15
90 1 0.9 0.7 0.3 -1.52656e-16 2.498e-15 4.38538e-15
91 1 0 0.8 0.2 0.000389326 -4.16334e-17 4.44089e-16
92 1 0.1 0.9 0.3 -0.000573403 -5.55112e-17 5.64826e-15
93 1 0.2 0.8 0.2 0.060989 -6.93889e-17 3.45644e-16
94 1 0.3 0.9 0.3 0.19653 6.245e-17 4.6213e-15
95 1 0.403484 0.8 0.2 -0.503791 1.249e-16 3.81639e-16
96 1 0.5 0.9 0.3 0.188153 1.249e-16 6.48093e-15
97 1 0.6 0.8 0.2 0.0586802 -1.11022e-16 -9.85323e-16
98 1 0.7 0.9 0.3 -0.000796858 -3.46945e-17 4.3715e-15
99 1 0.8 0.8 0.2 0.000419937 8.32667e-17 5.89806e-16
100 1 0.9 0.9 0.3 -8.32667e-17 -4.16334e-17 4.34375e-15
101 1 0 0 0.4 0.000389326 -2.498e-15 -1.30798e-15
102 1 0.1 0.1 0.5 -0.000573403 -1.70697e-15 -9.33281e-15
151 1 0 0 0.6 0.000389326 -2.7478e-15 9.54792e-15
103 1 0.2 0 0.4 0.060989 -3.05398e-15 -1.23339e-15
104 1 0.3 0.1 0.5 0.19653 -1.55431e-15 -6.93196e-15
153 1 0.2 0 0.6 0.060989 -3.04509e-15 9.40307e-15
105 1 0.403484 0 0.4 -0.503791 -3.94129e-15 -1.21778e-15
106 1 0.5 0.1 0.5 0.188153 -1.77636e-15 -9.22873e-15
107 1 0.6 0 0.4 0.0586802 -4.55191e-15 -1.41553e-15
155 1 0.403484 0 0.6 -0.503791 -3.31159e-15 8.16014e-15
157 1 0.6 0 0.6 0.0586802 -3.79037e-15 1.0103e-14
108 1 0.7 0.1 0.5 -0.000796858 -1.55431e-15 -9.36057e-15
109 1 0.8 0 0.4 0.000419937 -4.12864e-15 -1.249e-15
110 1 0.9 0.1 0.5 -2.77556e-17 -1.8735e-15 -9.53404e-15
159 1 0.8 0 0.6 0.000419937 -4.54498e-15 9.36664e-15
111 1 0 0.2 0.4 0.000389326 -1.81799e-15 -1.38084e-15
112 1 0.1 0.3 0.5 -0.000573403 5.1556e-15 -8.84709e-15
161 1 0 0.2 0.6 0.000389326 -1.65146e-15 9.32587e-15
113 1 0.2 0.2 0.4 0.060989 -1.96848e-15 -9.80119e-16
114 1 0.3 0.3 0.5 0.19653 5.00381e-15 -8.97806e-15
163 1 0.2 0.2 0.6 0.060989 -2.95293e-15 9.66935e-15
115 1 0.403484 0.2 0.4 -0.503791 2.91434e-16 -1.01698e-15
116 1 0.5 0.3 0.5 0.188153 5.15798e-15 -1.08143e-14
117 1 0.6 0.2 0.4 0.0586802 3.08781e-16 -1.13277e-15
165 1 0.403484 0.2 0.6 -0.503791 2.63678e-16 7.6562e-15
167 1 0.6 0.2 0.6 0.0586802 -5.20417e-16 1.02349e-14
118 1 0.7 0.3 0.5 -0.000796858 5.032e-15 -8.94597e-15
119 1 0.8 0.2 0.4 0.000419937 3.747e-16 -1.2837e-15
120 1 0.9 0.3 0.5 -1.38778e-16 4.78784e-15 -9.14546e-15
169 1 0.8 0.2 0.6 0.000419937 2.98372e-16 9.66371e-15
121 1 0 0.4 0.4 0.000389326 -1.22558e-15 -1.12757e-15
122 1 0.1 0.5 0.5 -0.000573403 -9.40914e-15 -9.42302e-15
131 1 0 0.6 0.4 0.000389326 9.21485e-15 -1.30451e-15
171 1 0 0.4 0.6 0.000389326 -1.21517e-15 9.38138e-15
181 1 0 0.6 0.6 0.000389326 1.01447e-14 1.01863e-14
123 1 0.2 0.4 0.4 0.060989 -9.93997e-16 -1.15359e-15
124 1 0.3 0.5 0.5 0.19653 -8.45699e-15 -8.87485e-15
133 1 0.2 0.6 0.4 0.060989 9.31135e-15 -1.11564e-15
173 1 0.2 0.4 0.6 0.060989 -1.05319e-15 9.34973e-15
183 1 0.2 0.6 0.6 0.060989 9.88619e-15 9.89313e-15
125 1 0.403484 0.4 0.4 -0.503791 -1.09071e-15 -1.20823e-15
126 1 0.5 0.5 0.5 0.188153 -7.28237e-15 -9.55052e-15
127 1 0.6 0.4 0.4 0.0586802 -1.28716e-15 -1.17441e-15
135 1 0.403484 0.6 0.4 -0.503791 8.02093e-15 -1.18742e-15
137 1 0.6 0.6 0.4 0.0586802 8.59425e-15 -1.30625e-15
175 1 0.403484 0.4 0.6 -0.503791 -1.17853e-15 8.63394e-15
177 1 0.6 0.4 0.6 0.0586802 -1.43288e-15 1.08167e-14
185 1 0.403484 0.6 0.6 -0.503791 7.04298e-15 7.70911e-15
187 1 0.6 0.6 0.6 0.0586802 8.65757e-15 1.09682e-14
128 1 0.7 0.5 0.5 -0.000796858 -1.05042e-14 -1.04517e-14
129 1 0.8 0.4 0.4 0.000419937 -1.30451e-15 -1.29063e-15
130 1 0.9 0.5 0.5 -1.94289e-16 -1.07137e-14 -1.07137e-14
139 1 0.8 0.6 0.4 0.000419937 8.93643e-15 -1.27676e-15
179 1 0.8 0.4 0.6 0.000419937 -1.40166e-15 8.87875e-15
189 1 0.8 0.6 0.6 0.000419937 1.07531e-14 1.07948e-14
132 1 0.1 0.7 0.5 -0.000573403 2.17187e-15 -9.61731e-15
134 1 0.3 0.7 0.5 0.19653 2.12937e-15 -8.75602e-15
136 1 0.5 0.7 0.5 0.188153 2.23454e-15 -1.05922e-14
138 1 0.7 0.7 0.5 -0.000796858 2.11159e-15 -8.96223e-15
140 1 0.9 0.7 0.5 -1.38778e-16 2.33147e-15 -9.03444e-15
141 1 0 0.8 0.4 0.000389326 4.16334e-17 -1.27329e-15
142 1 0.1 0.9 0.5 -0.000573403 -7.63278e-17 -9.47853e-15
191 1 0 0.8 0.6 0.000389326 1.38778e-17 9.54792e-15
143 1 0.2 0.8 0.4 0.060989 -2.498e-16 -1.21431e-15
144 1 0.3 0.9 0.5 0.19653 -1.45717e-16 -8.79852e-15
193 1 0.2 0.8 0.6 0.060989 -4.72712e-17 9.53621e-15
145 1 0.403484 0.8 0.4 -0.503791 -2.77556e-17 -1.20043e-15
146 1 0.5 0.9 0.5 0.188153 3.46945e-17 -1.03667e-14
147 1 0.6 0.8 0.4 0.0586802 -8.32667e-17 -1.26288e-15
195 1 0.403484 0.8 0.6 -0.503791 -1.59595e-16 8.61117e-15
197 1 0.6 0.8 0.6 0.0586802 -2.03396e-16 1.09821e-14
148 1 0.7 0.9 0.5 -0.000796858 -3.46945e-17 -9.21485e-15
149 1 0.8 0.8 0.4 0.000419937 -1.11022e-16 -1.38778e-15
150 1 0.9 0.9 0.5 -1.66533e-16 -1.94289e-16 -9.22873e-15
199 1 0.8 0.8 0.6 0.000419937 -2.28983e-16 9.11467e-15
152 1 0.1 0.1 0.7 -0.000573403 -1.61676e-15 2.30371e-15
154 1 0.3 0.1 0.7 0.19653 -1.77636e-15 2.15106e-15
156 1 0.5 0.1 0.7 0.188153 -1.4988e-15 2.19963e-15
158 1 0.7 0.1 0.7 -0.000796858 -1.94289e-15 2.16103e-15
160 1 0.9 0.1 0.7 5.55112e-17 -1.75554e-15 2.498e-15
162 1 0.1 0.3 0.7 -0.000573403 5.84949e-15 2.61596e-15
164 1 0.3 0.3 0.7 0.19653 4.89084e-15 2.29938e-15
166 1 0.5 0.3 0.7 0.188153 4.75813e-15 2.50321e-15
168 1 0.7 0.3 0.7 -0.000796858 4.61588e-15 2.07863e-15
170 1 0.9 0.3 0.7 -8.32667e-17 4.44783e-15 2.55351e-15
172 1 0.1 0.5 0.7 -0.000573403 -9.73527e-15 2.44249e-15
174 1 0.3 0.5 0.7 0.19653 -8.40148e-15 2.11636e-15
176 1 0.5 0.5 0.7 0.188153 -8.18681e-15 2.20136e-15
178 1 0.7 0.5 0.7 -0.000796858 -8.92884e-15 2.07516e-15
180 1 0.9 0.5 0.7 -1.66533e-16 -8.93036e-15 2.22045e-15
182 1 0.1 0.7 0.7 -0.000573403 2.29677e-15 2.24126e-15
184 1 0.3 0.7 0.7 0.19653 2.25861e-15 2.18055e-15
186 1 0.5 0.7 0.7 0.188153 2.48239e-15 2.3731e-15
188 1 0.7 0.7 0.7 -0.000796858 2.26381e-15 2.2933e-15
190 1 0.9 0.7 0.7 -1.66533e-16 2.31065e-15 2.33147e-15
192 1 0.1 0.9 0.7 -0.000573403 2.63678e-16 2.28983e-15
194 1 0.3 0.9 0.7 0.19653 -2.77556e-17 2.27596e-15
196 1 0.5 0.9 0.7 0.188153 -2.22045e-16 2.33147e-15
198 1 0.7 0.9 0.7 -0.000796858 1.11022e-16 2.25124e-15
200 1 0.9 0.9 0.7 -2.77556e-17 1.38778e-17 2.22045e-15
201 1 0 0 0.8 0.000389326 -2.34535e-15 -1.11022e-16
202 1 0.1 0.1 0.9 -0.000573403 -1.63064e-15 -3.26128e-16
203 1 0.2 0 0.8 0.060989 -2.83194e-15 -1.66533e-16
204 1 0.3 0.1 0.9 0.19653 -1.83187e-15 -1.59595e-16
205 1 0.403484 0 0.8 -0.503791 -4.05231e-15 0
206 1 0.5 0.1 0.9 0.188153 -1.4988e-15 -2.77556e-17
207 1 0.6 0 0.8 0.0586802 -4.55191e-15 -1.249e-16
208 1 0.7 0.1 0.9 -0.000796858 -1.77636e-15 -4.85723e-17
209 1 0.8 0 0.8 0.000419937 -4.1217e-15 -1.45717e-16
210 1 0.9 0.1 0.9 -1.38778e-17 -1.65146e-15 -6.93889e-17
211 1 0 0.2 0.8 0.000389326 -1.91513e-15 -1.11022e-16
212 1 0.1 0.3 0.9 -0.000573403 5.61357e-15 -2.08167e-17
213 1 0.2 0.2 0.8 0.060989 -1.93378e-15 4.98733e-17
214 1 0.3 0.3 0.9 0.19653 4.64104e-15 -3.20924e-17
215 1 0.403484 0.2 0.8 -0.503791 3.67761e-16 2.01662e-16
216 1 0.5 0.3 0.9 0.188153 4.86915e-15 -1.05818e-16
217 1 0.6 0.2 0.8 0.0586802 6.69603e-16 -1.67618e-16
218 1 0.7 0.3 0.9 -0.000796858 4.39969e-15 -1.09288e-16
219 1 0.8 0.2 0.8 0.000419937 6.31439e-16 -2.77556e-17
220 1 0.9 0.3 0.9 -4.16334e-17 4.36456e-15 -1.52656e-16
221 1 0 0.4 0.8 0.000389326 -1.4164e-15 -6.93889e-17
222 1 0.1 0.5 0.9 -0.000573403 -9.35363e-15 -1.38778e-17
231 1 0 0.6 0.8 0.000389326 9.21485e-15 -6.93889e-17
223 1 0.2 0.4 0.8 0.060989 -1.24748e-15 -1.64365e-16
224 1 0.3 0.5 0.9 0.19653 -8.33209e-15 3.46945e-17
233 1 0.2 0.6 0.8 0.060989 9.31959e-15 -2.19226e-16
225 1 0.403484 0.4 0.8 -0.503791 -1.22016e-15 -1.92337e-16
226 1 0.5 0.5 0.9 0.188153 -8.02028e-15 9.19403e-17
227 1 0.6 0.4 0.8 0.0586802 -1.33574e-15 -1.74557e-16
235 1 0.403484 0.6 0.8 -0.503791 8.08381e-15 1.31839e-16
237 1 0.6 0.6 0.8 0.0586802 8.64369e-15 -2.29851e-17
228 1 0.7 0.5 0.9 -0.000796858 -8.91258e-15 -8.67362e-18
229 1 0.8 0.4 0.8 0.000419937 -1.33921e-15 -1.17961e-16
230 1 0.9 0.5 0.9 -6.93889e-17 -9.1524e-15 0
239 1 0.8 0.6 0.8 0.000419937 9.04138e-15 2.08167e-17
232 1 0.1 0.7 0.9 -0.000573403 2.28983e-15 4.16334e-17
234 1 0.3 0.7 0.9 0.19653 2.33038e-15 1.48319e-16
236 1 0.5 0.7 0.9 0.188153 2.2636e-15 -1.82146e-16
238 1 0.7 0.7 0.9 -0.000796858 2.17513e-15 -5.22585e-17
240 1 0.9 0.7 0.9 0 2.22045e-15 -4.16334e-17
241 1 0 0.8 0.8 0.000389326 -6.93889e-17 -1.38778e-17
242 1 0.1 0.9 0.9 -0.000573403 -1.17961e-16 -1.52656e-16
243 1 0.2 0.8 0.8 0.060989 1.11022e-16 -1.66533e-16
244 1 0.3 0.9 0.9 0.19653 -7.63278e-17 -5.55112e-17
245 1 0.403484 0.8 0.8 -0.503791 4.16334e-17 -1.04083e-16
246 1 0.5 0.9 0.9 0.188153 -1.66533e-16 -2.498e-16
247 1 0.6 0.8 0.8 0.0586802 -8.32667e-17 -1.31839e-16
248 1 0.7 0.9 0.9 -0.000796858 -3.46945e-17 -6.93889e-17
249 1 0.8 0.8 0.8 0.000419937 3.46945e-17 -1.45717e-16
250 1 0.9 0.9 0.9 -2.498e-16 -2.498e-16 -2.08167e-16
1 1 0 0 0 0.000389326 -2.76168e-15 -4.96825e-15
2 1 0.1 0.1 0.1 -0.000573403 -1.85268e-15 -1.44329e-15
3 1 0.2 0 0 0.060989 -2.11029e-15 -4.09481e-15
4 1 0.3 0.1 0.1 0.19653 -1.66533e-15 -1.35308e-15
5 1 0.403484 0 0 -0.503791 -2.498e-15 -2.41474e-15
6 1 0.5 0.1 0.1 0.188153 -1.72085e-15 -1.52656e-15
7 1 0.6 0 0 0.0586802 -3.83027e-15 -3.71925e-15
8 1 0.7 0.1 0.1 -0.000796858 -1.77636e-15 -1.47105e-15
9 1 0.8 0 0 0.000419937 -4.78784e-15 -4.98906e-15
10 1 0.9 0.1 0.1 -2.77556e-17 -1.76248e-15 -1.31839e-15
11 1 0 0.2 0 0.000389326 -7.35523e-16 -4.30211e-15
12 1 0.1 0.3 0.1 -0.000573403 1.249e-15 -1.47105e-15
13 1 0.2 0.2 0 0.060989 -1.69092e-15 -2.83367e-15
14 1 0.3 0.3 0.1 0.19653 4.6148e-15 -1.33227e-15
15 1 0.403484 0.2 0 -0.503791 -1.56819e-15 -2.72135e-15
16 1 0.5 0.3 0.1 0.188153 4.95849e-15 -1.72085e-15
17 1 0.6 0.2 0 0.0586802 -4.75314e-16 -3.72055e-15
18 1 0.7 0.3 0.1 -0.000796858 5.72914e-15 -1.44329e-15
19 1 0.8 0.2 0 0.000419937 3.53884e-16 -5.47479e-15
20 1 0.9 0.3 0.1 -6.93889e-17 5.52336e-15 -1.51268e-15
21 1 0 0.4 0 0.000389326 -1.27068e-15 -5.00988e-15
22 1 0.1 0.5 0.1 -0.000573403 -4.98213e-15 -1.58901e-15
31 1 0 0.6 0 0.000389326 8.24341e-15 -3.51108e-15
23 1 0.2 0.4 0 0.060989 -1.22276e-15 -5.38545e-15
24 1 0.3 0.5 0.1 0.19653 -6.93065e-15 -1.33227e-15
33 1 0.2 0.6 0 0.060989 7.92183e-15 -3.78777e-15
25 1 0.403484 0.4 0 -0.503791 -1.20195e-15 -3.77476e-15
26 1 0.5 0.5 0.1 0.188153 -9.09689e-15 -1.88738e-15
27 1 0.6 0.4 0 0.0586802 -1.28565e-15 -4.55191e-15
35 1 0.403484 0.6 0 -0.503791 7.85049e-15 -3.77476e-15
37 1 0.6 0.6 0 0.0586802 8.89501e-15 -4.71845e-15
28 1 0.7 0.5 0.1 -0.000796858 -9.63444e-15 -1.77636e-15
29 1 0.8 0.4 0 0.000419937 -1.38778e-15 -4.02456e-15
30 1 0.9 0.5 0.1 -8.32667e-17 -9.47853e-15 -1.84575e-15
39 1 0.8 0.6 0 0.000419937 9.21875e-15 -4.48253e-15
32 1 0.1 0.7 0.1 -0.000573403 2.28983e-15 -1.74166e-15
34 1 0.3 0.7 0.1 0.19653 2.28983e-15 -1.66533e-15
36 1 0.5 0.7 0.1 0.188153 2.16602e-15 -1.55431e-15
38 1 0.7 0.7 0.1 -0.000796858 2.27552e-15 -1.95482e-15
40 1 0.9 0.7 0.1 2.77556e-17 2.22045e-15 -1.91513e-15
41 1 0 0.8 0 0.000389326 -1.38778e-16 -4.88498e-15
42 1 0.1 0.9 0.1 -0.000573403 4.85723e-17 -1.19349e-15
43 1 0.2 0.8 0 0.060989 -1.11022e-16 -5.10095e-15
44 1 0.3 0.9 0.1 0.19653 -2.77556e-17 -1.83187e-15
45 1 0.403484 0.8 0 -0.503791 -1.38778e-17 -3.86496e-15
46 1 0.5 0.9 0.1 0.188153 1.59595e-16 -1.36002e-15
47 1 0.6 0.8 0 0.0586802 -1.66533e-16 -4.47559e-15
48 1 0.7 0.9 0.1 -0.000796858 2.77556e-17 -1.63758e-15
49 1 0.8 0.8 0 0.000419937 -1.66533e-16 -3.92048e-15
50 1 0.9 0.9 0.1 -9.71445e-17 -4.16334e-17 -1.40166e-15
51 1 0 0 0.2 0.000389326 -3.16414e-15 5.13478e-16
52 1 0.1 0.1 0.3 -0.000573403 -1.7486e-15 5.48867e-15
53 1 0.2 0 0.2 0.060989 -1.83317e-15 -5.84168e-16
54 1 0.3 0.1 0.3 0.19653 -1.44329e-15 4.55885e-15
55 1 0.403484 0 0.2 -0.503791 -2.88658e-15 -1.4988e-15
56 1 0.5 0.1 0.3 0.188153 -1.83187e-15 4.86416e-15
57 1 0.6 0 0.2 0.0586802 -2.9976e-15 -1.20737e-15
58 1 0.7 0.1 0.3 -0.000796858 -1.77636e-15 5.59275e-15
59 1 0.8 0 0.2 0.000419937 -5.41234e-15 4.71845e-16
60 1 0.9 0.1 0.3 4.16334e-17 -1.89432e-15 5.46785e-15
61 1 0 0.2 0.2 0.000389326 -5.13478e-16 -5.96745e-16
62 1 0.1 0.3 0.3 -0.000573403 5.39846e-15 5.21805e-15
63 1 0.2 0.2 0.2 0.060989 -2.4297e-15 -2.37484e-15
64 1 0.3 0.3 0.3 0.19653 5.62679e-15 5.52943e-15
65 1 0.403484 0.2 0.2 -0.503791 -2.71658e-15 -2.60512e-15
66 1 0.5 0.3 0.3 0.188153 5.28961e-15 6.78754e-15
67 1 0.6 0.2 0.2 0.0586802 -5.79398e-16 -5.94143e-16
68 1 0.7 0.3 0.3 -0.000796858 4.9934e-15 4.99362e-15
69 1 0.8 0.2 0.2 0.000419937 5.13478e-16 4.16334e-16
70 1 0.9 0.3 0.3 9.71445e-17 5.08621e-15 4.98213e-15
71 1 0 0.4 0.2 0.000389326 -1.39559e-15 4.85723e-16
72 1 0.1 0.5 0.3 -0.000573403 -9.10383e-15 5.12784e-15
81 1 0 0.6 0.2 0.000389326 8.79852e-15 -1.1241e-15
73 1 0.2 0.4 0.2 0.060989 -1.06664e-15 3.31766e-16
74 1 0.3 0.5 0.3 0.19653 -7.80018e-15 4.18502e-15
83 1 0.2 0.6 0.2 0.060989 7.36065e-15 -5.08274e-16
75 1 0.403484 0.4 0.2 -0.503791 -1.08832e-15 4.47559e-16
76 1 0.5 0.5 0.3 0.188153 -9.05005e-15 6.94431e-15
77 1 0.6 0.4 0.2 0.0586802 -1.20281e-15 -1.07206e-15
85 1 0.403484 0.6 0.2 -0.503791 7.53998e-15 2.87964e-16
87 1 0.6 0.6 0.2 0.0586802 1.02585e-14 -2.1233e-15
78 1 0.7 0.5 0.3 -0.000796858 -1.07813e-14 6.66524e-15
79 1 0.8 0.4 0.2 0.000419937 -1.32533e-15 4.78784e-16
80 1 0.9 0.5 0.3 -9.71445e-17 -1.08732e-14 6.57807e-15
89 1 0.8 0.6 0.2 0.000419937 1.13232e-14 -1.26288e-15
82 1 0.1 0.7 0.3 -0.000573403 2.3731e-15 5.85643e-15
84 1 0.3 0.7 0.3 0.19653 2.23693e-15 4.90233e-15
86 1 0.5 0.7 0.3 0.188153 2.26208e-15 6.53709e-15
88 1 0.7 0.7 0.3 -0.000796858 2.24972e-15 4.75119e-15
90 1 0.9 0.7 0.3 -1.52656e-16 2.498e-15 4.38538e-15
91 1 0 0.8 0.2 0.000389326 -4.16334e-17 4.44089e-16
92 1 0.1 0.9 0.3 -0.000573403 -5.55112e-17 5.64826e-15
93 1 0.2 0.8 0.2 0.060989 -6.93889e-17 3.45644e-16
94 1 0.3 0.9 0.3 0.19653 6.245e-17 4.6213e-15
95 1 0.403484 0.8 0.2 -0.503791 1.249e-16 3.81639e-16
96 1 0.5 0.9 0.3 0.188153 1.249e-16 6.48093e-15
97 1 0.6 0.8 0.2 0.0586802 -1.11022e-16 -9.85323e-16
98 1 0.7 0.9 0.3 -0.000796858 -3.46945e-17 4.3715e-15
99 1 0.8 0.8 0.2 0.000419937 8.32667e-17 5.89806e-16
100 1 0.9 0.9 0.3 -8.32667e-17 -4.16334e-17 4.34375e-15
101 1 0 0 0.4 0.000389326 -2.498e-15 -1.30798e-15
102 1 0.1 0.1 0.5 -0.000573403 -1.70697e-15 -9.33281e-15
151 1 0 0 0.6 0.000389326 -2.7478e-15 9.54792e-15
103 1 0.2 0 0.4 0.060989 -3.05398e-15 -1.23339e-15
104 1 0.3 0.1 0.5 0.19653 -1.55431e-15 -6.93196e-15
153 1 0.2 0 0.6 0.060989 -3.04509e-15 9.40307e-15
105 1 0.403484 0 0.4 -0.503791 -3.94129e-15 -1.21778e-15
106 1 0.5 0.1 0.5 0.188153 -1.77636e-15 -9.22873e-15
107 1 0.6 0 0.4 0.0586802 -4.55191e-15 -1.41553e-15
155 1 0.403484 0 0.6 -0.503791 -3.31159e-15 8.16014e-15
157 1 0.6 0 0.6 0.0586802 -3.79037e-15 1.0103e-14
108 1 0.7 0.1 0.5 -0.000796858 -1.55431e-15 -9.36057e-15
109 1 0.8 0 0.4 0.000419937 -4.12864e-15 -1.249e-15
110 1 0.9 0.1 0.5 -2.77556e-17 -1.8735e-15 -9.53404e-15
159 1 0.8 0 0.6 0.000419937 -4.54498e-15 9.36664e-15
111 1 0 0.2 0.4 0.000389326 -1.81799e-15 -1.38084e-15
112 1 0.1 0.3 0.5 -0.000573403 5.1556e-15 -8.84709e-15
161 1 0 0.2 0.6 0.000389326 -1.65146e-15 9.32587e-15
113 1 0.2 0.2 0.4 0.060989 -1.96848e-15 -9.80119e-16
114 1 0.3 0.3 0.5 0.19653 5.00381e-15 -8.97806e-15
163 1 0.2 0.2 0.6 0.060989 -2.95293e-15 9.66935e-15
115 1 0.403484 0.2 0.4 -0.503791 2.91434e-16 -1.01698e-15
116 1 0.5 0.3 0.5 0.188153 5.15798e-15 -1.08143e-14
117 1 0.6 0.2 0.4 0.0586802 3.08781e-16 -1.13277e-15
165 1 0.403484 0.2 0.6 -0.503791 2.63678e-16 7.6562e-15
167 1 0.6 0.2 0.6 0.0586802 -5.20417e-16 1.02349e-14
118 1 0.7 0.3 0.5 -0.000796858 5.032e-15 -8.94597e-15
119 1 0.8 0.2 0.4 0.000419937 3.747e-16 -1.2837e-15
120 1 0.9 0.3 0.5 -1.38778e-16 4.78784e-15 -9.14546e-15
169 1 0.8 0.2 0.6 0.000419937 2.98372e-16 9.66371e-15
121 1 0 0.4 0.4 0.000389326 -1.22558e-15 -1.12757e-15
122 1 0.1 0.5 0.5 -0.000573403 -9.40914e-15 -9.42302e-15
131 1 0 0.6 0.4 0.000389326 9.21485e-15 -1.30451e-15
171 1 0 0.4 0.6 0.000389326 -1.21517e-15 9.38138e-15
181 1 0 0.6 0.6 0.000389326 1.01447e-14 1.01863e-14
123 1 0.2 0.4 0.4 0.060989 -9.93997e-16 -1.15359e-15
124 1 0.3 0.5 0.5 0.19653 -8.45699e-15 -8.87485e-15
133 1 0.2 0.6 0.4 0.060989 9.31135e-15 -1.11564e-15
173 1 0.2 0.4 0.6 0.060989 -1.05319e-15 9.34973e-15
183 1 0.2 0.6 0.6 0.060989 9.88619e-15 9.89313e-15
125 1 0.403484 0.4 0.4 -0.503791 -1.09071e-15 -1.20823e-15
126 1 0.5 0.5 0.5 0.188153 -7.28237e-15 -9.55052e-15
127 1 0.6 0.4 0.4 0.0586802 -1.28716e-15 -1.17441e-15
135 1 0.403484 0.6 0.4 -0.503791 8.02093e-15 -1.18742e-15
137 1 0.6 0.6 0.4 0.0586802 8.59425e-15 -1.30625e-15
175 1 0.403484 0.4 0.6 -0.503791 -1.17853e-15 8.63394e-15
177 1 0.6 0.4 0.6 0.0586802 -1.43288e-15 1.08167e-14
185 1 0.403484 0.6 0.6 -0.503791 7.04298e-15 7.70911e-15
187 1 0.6 0.6 0.6 0.0586802 8.65757e-15 1.09682e-14
128 1 0.7 0.5 0.5 -0.000796858 -1.05042e-14 -1.04517e-14
129 1 0.8 0.4 0.4 0.000419937 -1.30451e-15 -1.29063e-15
130 1 0.9 0.5 0.5 -1.94289e-16 -1.07137e-14 -1.07137e-14
139 1 0.8 0.6 0.4 0.000419937 8.93643e-15 -1.27676e-15
179 1 0.8 0.4 0.6 0.000419937 -1.40166e-15 8.87875e-15
189 1 0.8 0.6 0.6 0.000419937 1.07531e-14 1.07948e-14
132 1 0.1 0.7 0.5 -0.000573403 2.17187e-15 -9.61731e-15
134 1 0.3 0.7 0.5 0.19653 2.12937e-15 -8.75602e-15
136 1 0.5 0.7 0.5 0.188153 2.23454e-15 -1.05922e-14
138 1 0.7 0.7 0.5 -0.000796858 2.11159e-15 -8.96223e-15
140 1 0.9 0.7 0.5 -1.38778e-16 2.33147e-15 -9.03444e-15
141 1 0 0.8 0.4 0.000389326 4.16334e-17 -1.27329e-15
142 1 0.1 0.9 0.5 -0.000573403 -7.63278e-17 -9.47853e-15
191 1 0 0.8 0.6 0.000389326 1.38778e-17 9.54792e-15
143 1 0.2 0.8 0.4 0.060989 -2.498e-16 -1.21431e-15
144 1 0.3 0.9 0.5 0.19653 -1.45717e-16 -8.79852e-15
193 1 0.2 0.8 0.6 0.060989 -4.72712e-17 9.53621e-15
145 1 0.403484 0.8 0.4 -0.503791 -2.77556e-17 -1.20043e-15
146 1 0.5 0.9 0.5 0.188153 3.46945e-17 -1.03667e-14
147 1 0.6 0.8 0.4 0.0586802 -8.32667e-17 -1.26288e-15
195 1 0.403484 0.8 0.6 -0.503791 -1.59595e-16 8.61117e-15
197 1 0.6 0.8 0.6 0.0586802 -2.03396e-16 1.09821e-14
148 1 0.7 0.9 0.5 -0.000796858 -3.46945e-17 -9.21485e-15
149 1 0.8 0.8 0.4 0.000419937 -1.11022e-16 -1.38778e-15
150 1 0.9 0.9 0.5 -1.66533e-16 -1.94289e-16 -9.22873e-15
199 1 0.8 0.8 0.6 0.000419937 -2.28983e-16 9.11467e-15
152 1 0.1 0.1 0.7 -0.000573403 -1.61676e-15 2.30371e-15
154 1 0.3 0.1 0.7 0.19653 -1.77636e-15 2.15106e-15
156 1 0.5 0.1 0.7 0.188153 -1.4988e-15 2.19963e-15
158 1 0.7 0.1 0.7 -0.000796858 -1.94289e-15 2.16103e-15
160 1 0.9 0.1 0.7 5.55112e-17 -1.75554e-15 2.498e-15
162 1 0.1 0.3 0.7 -0.000573403 5.84949e-15 2.61596e-15
164 1 0.3 0.3 0.7 0.19653 4.89084e-15 2.29938e-15
166 1 0.5 0.3 0.7 0.188153 4.75813e-15 2.50321e-15
168 1 0.7 0.3 0.7 -0.000796858 4.61588e-15 2.07863e-15
170 1 0.9 0.3 0.7 -8.32667e-17 4.44783e-15 2.55351e-15
172 1 0.1 0.5 0.7 -0.000573403 -9.73527e-15 2.44249e-15
174 1 0.3 0.5 0.7 0.19653 -8.40148e-15 2.11636e-15
176 1 0.5 0.5 0.7 0.188153 -8.18681e-15 2.20136e-15
178 1 0.7 0.5 0.7 -0.000796858 -8.92884e-15 2.07516e-15
180 1 0.9 0.5 0.7 -1.66533e-16 -8.93036e-15 2.22045e-15
182 1 0.1 0.7 0.7 -0.000573403 2.29677e-15 2.24126e-15
184 1 0.3 0.7 0.7 0.19653 2.25861e-15 2.18055e-15
186 1 0.5 0.7 0.7 0.188153 2.48239e-15 2.3731e-15
188 1 0.7 0.7 0.7 -0.000796858 2.26381e-15 2.2933e-15
190 1 0.9 0.7 0.7 -1.66533e-16 2.31065e-15 2.33147e-15
192 1 0.1 0.9 0.7 -0.000573403 2.63678e-16 2.28983e-15
194 1 0.3 0.9 0.7 0.19653 -2.77556e-17 2.27596e-15
196 1 0.5 0.9 0.7 0.188153 -2.22045e-16 2.33147e-15
198 1 0.7 0.9 0.7 -0.000796858 1.11022e-16 2.25124e-15
200 1 0.9 0.9 0.7 -2.77556e-17 1.38778e-17 2.22045e-15
201 1 0 0 0.8 0.000389326 -2.34535e-15 -1.11022e-16
202 1 0.1 0.1 0.9 -0.000573403 -1.63064e-15 -3.26128e-16
203 1 0.2 0 0.8 0.060989 -2.83194e-15 -1.66533e-16
204 1 0.3 0.1 0.9 0.19653 -1.83187e-15 -1.59595e-16
205 1 0.403484 0 0.8 -0.503791 -4.05231e-15 0
206 1 0.5 0.1 0.9 0.188153 -1.4988e-15 -2.77556e-17
207 1 0.6 0 0.8 0.0586802 -4.55191e-15 -1.249e-16
208 1 0.7 0.1 0.9 -0.000796858 -1.77636e-15 -4.85723e-17
209 1 0.8 0 0.8 0.000419937 -4.1217e-15 -1.45717e-16
210 1 0.9 0.1 0.9 -1.38778e-17 -1.65146e-15 -6.93889e-17
211 1 0 0.2 0.8 0.000389326 -1.91513e-15 -1.11022e-16
212 1 0.1 0.3 0.9 -0.000573403 5.61357e-15 -2.08167e-17
213 1 0.2 0.2 0.8 0.060989 -1.93378e-15 4.98733e-17
214 1 0.3 0.3 0.9 0.19653 4.64104e-15 -3.20924e-17
215 1 0.403484 0.2 0.8 -0.503791 3.67761e-16 2.01662e-16
216 1 0.5 0.3 0.9 0.188153 4.86915e-15 -1.05818e-16
217 1 0.6 0.2 0.8 0.0586802 6.69603e-16 -1.67618e-16
218 1 0.7 0.3 0.9 -0.000796858 4.39969e-15 -1.09288e-16
219 1 0.8 0.2 0.8 0.000419937 6.31439e-16 -2.77556e-17
220 1 0.9 0.3 0.9 -4.16334e-17 4.36456e-15 -1.52656e-16
221 1 0 0.4 0.8 0.000389326 -1.4164e-15 -6.93889e-17
222 1 0.1 0.5 0.9 -0.000573403 -9.35363e-15 -1.38778e-17
231 1 0 0.6 0.8 0.000389326 9.21485e-15 -6.93889e-17
223 1 0.2 0.4 0.8 0.060989 -1.24748e-15 -1.64365e-16
224 1 0.3 0.5 0.9 0.19653 -8.33209e-15 3.46945e-17
233 1 0.2 0.6 0.8 0.060989 9.31959e-15 -2.19226e-16
225 1 0.403484 0.4 0.8 -0.503791 -1.22016e-15 -1.92337e-16
226 1 0.5 0.5 0.9 0.188153 -8.02028e-15 9.19403e-17
227 1 0.6 0.4 0.8 0.0586802 -1.33574e-15 -1.74557e-16
235 1 0.403484 0.6 0.8 -0.503791 8.08381e-15 1.31839e-16
237 1 0.6 0.6 0.8 0.0586802 8.64369e-15 -2.29851e-17
228 1 0.7 0.5 0.9 -0.000796858 -8.91258e-15 -8.67362e-18
229 1 0.8 0.4 0.8 0.000419937 -1.33921e-15 -1.17961e-16
230 1 0.9 0.5 0.9 -6.93889e-17 -9.1524e-15 0
239 1 0.8 0.6 0.8 0.000419937 9.04138e-15 2.08167e-17
232 1 0.1 0.7 0.9 -0.000573403 2.28983e-15 4.16334e-17
234 1 0.3 0.7 0.9 0.19653 2.33038e-15 1.48319e-16
236 1 0.5 0.7 0.9 0.188153 2.2636e-15 -1.82146e-16
238 1 0.7 0.7 0.9 -0.000796858 2.17513e-15 -5.22585e-17
240 1 0.9 0.7 0.9 0 2.22045e-15 -4.16334e-17
241 1 0 0.8 0.8 0.000389326 -6.93889e-17 -1.38778e-17
242 1 0.1 0.9 0.9 -0.000573403 -1.17961e-16 -1.52656e-16
243 1 0.2 0.8 0.8 0.060989 1.11022e-16 -1.66533e-16
244 1 0.3 0.9 0.9 0.19653 -7.63278e-17 -5.55112e-17
245 1 0.403484 0.8 0.8 -0.503791 4.16334e-17 -1.04083e-16
246 1 0.5 0.9 0.9 0.188153 -1.66533e-16 -2.498e-16
247 1 0.6 0.8 0.8 0.0586802 -8.32667e-17 -1.31839e-16
248 1 0.7 0.9 0.9 -0.000796858 -3.46945e-17 -6.93889e-17
249 1 0.8 0.8 0.8 0.000419937 3.46945e-17 -1.45717e-16
250 1 0.9 0.9 0.9 -2.498e-16 -2.498e-16 -2.08167e-16