1 1 0 0 0 0.000634481 1.03736e-15 1.02869e-15
2 1 0.1 0.1 0 -0.00114173 8.50015e-17 2.26967e-15
3 1 0.1 0 0.1 -0.00114173 2.19616e-15 6.245e-17
4 1 0 0.1 0.1 0.000634481 7.63278e-17 1.38778e-17
5 1 0.2 0 0 0.00571429 9.02056e-16 9.19403e-16
8 1 0.2 0.1 0.1 0.00571429 1.95156e-16 9.62772e-17
21 1 0 0.2 0 0.000634481 1.01308e-15 1.07553e-15
23 1 0.1 0.2 0.1 -0.00114173 -7.28584e-17 2.01228e-16
25 1 0.2 0.2 0 0.00571429 3.30465e-16 1.23512e-15
101 1 0 0 0.2 0.000634481 1.06859e-15 9.4022e-16
102 1 0.1 0.1 0.2 -0.00114173 5.20417e-17 -2.67147e-16
105 1 0.2 0 0.2 0.00571429 9.57567e-16 3.86843e-16
121 1 0 0.2 0.2 0.000634481 4.44089e-16 3.1225e-16
125 1 0.2 0.2 0.2 0.00571429 -1.21431e-16 -3.03577e-16
6 1 0.3 0.1 0 0.154726 1.11022e-16 1.21778e-15
7 1 0.3 0 0.1 0.154726 1.1241e-15 1.38778e-16
27 1 0.3 0.2 0.1 0.154726 1.45717e-16 1.38778e-16
106 1 0.3 0.1 0.2 0.154726 2.35922e-16 7.97973e-17
9 1 0.40277 0 0 -0.346251 3.60822e-16 3.69496e-16
10 1 0.5 0.1 0 0.182151 4.16334e-17 1.22471e-15
11 1 0.5 0 0.1 0.182151 9.99201e-16 -4.16334e-17
12 1 0.40277 0.1 0.1 -0.346251 1.80411e-16 4.16334e-17
13 1 0.6 0 0 0.00381816 2.63678e-16 3.36536e-16
16 1 0.6 0.1 0.1 0.00381816 1.38778e-17 1.31839e-16
29 1 0.40277 0.2 0 -0.346251 7.00828e-16 5.53377e-16
31 1 0.5 0.2 0.1 0.182151 3.46945e-16 8.23994e-17
33 1 0.6 0.2 0 0.00381816 1.57513e-15 5.12611e-16
109 1 0.40277 0 0.2 -0.346251 4.30211e-16 9.12465e-16
110 1 0.5 0.1 0.2 0.182151 2.498e-16 2.56739e-16
113 1 0.6 0 0.2 0.00381816 4.57967e-16 1.45717e-15
129 1 0.40277 0.2 0.2 -0.346251 1.52656e-16 8.58688e-17
133 1 0.6 0.2 0.2 0.00381816 9.99201e-16 9.82721e-16
14 1 0.7 0.1 0 -0.000337905 5.55112e-17 9.75782e-16
15 1 0.7 0 0.1 -0.000337905 9.16801e-16 9.02056e-17
17 1 0.8 0 0 0.000561088 2.5327e-16 4.3715e-16
20 1 0.8 0.1 0.1 0.000561088 1.14492e-16 1.73472e-16
35 1 0.7 0.2 0.1 -0.000337905 1.1241e-15 3.05311e-16
37 1 0.8 0.2 0 0.000561088 1.03433e-15 5.0307e-16
114 1 0.7 0.1 0.2 -0.000337905 2.22045e-16 1.13451e-15
117 1 0.8 0 0.2 0.000561088 4.78784e-16 9.96599e-16
137 1 0.8 0.2 0.2 0.000561088 4.23273e-16 3.13985e-16
18 1 0.9 0.1 0 0.000125912 1.38778e-17 8.74301e-16
19 1 0.9 0 0.1 0.000125912 7.63278e-16 -6.245e-17
39 1 0.9 0.2 0.1 0.000125912 5.9501e-16 5.55112e-17
118 1 0.9 0.1 0.2 0.000125912 1.38778e-16 4.64906e-16
22 1 0.1 0.3 0 -0.00114173 -2.12504e-15 1.12757e-15
24 1 0 0.3 0.1 0.000634481 -2.13024e-15 4.85723e-17
28 1 0.2 0.3 0.1 0.00571429 -1.69786e-15 1.80411e-16
41 1 0 0.4 0 0.000634481 2.09902e-15 4.92661e-16
43 1 0.1 0.4 0.1 -0.00114173 2.10248e-15 1.11022e-16
45 1 0.2 0.4 0 0.00571429 1.9906e-15 6.39246e-16
122 1 0.1 0.3 0.2 -0.00114173 -1.71738e-15 2.22045e-16
141 1 0 0.4 0.2 0.000634481 2.1233e-15 1.32533e-15
145 1 0.2 0.4 0.2 0.00571429 2.02963e-15 7.52003e-16
26 1 0.3 0.3 0 0.154726 -1.36609e-15 1.04083e-16
47 1 0.3 0.4 0.1 0.154726 1.83447e-15 2.35922e-16
126 1 0.3 0.3 0.2 0.154726 -7.91901e-16 6.03684e-16
30 1 0.5 0.3 0 0.182151 -1.6211e-15 -1.11022e-16
32 1 0.40277 0.3 0.1 -0.346251 -1.54304e-15 2.91434e-16
36 1 0.6 0.3 0.1 0.00381816 -2.09706e-15 1.94289e-16
49 1 0.40277 0.4 0 -0.346251 2.09641e-15 -2.77556e-17
51 1 0.5 0.4 0.1 0.182151 2.18467e-15 2.08167e-16
53 1 0.6 0.4 0 0.00381816 2.08514e-15 -8.32667e-17
130 1 0.5 0.3 0.2 0.182151 -1.02088e-15 1.09635e-15
149 1 0.40277 0.4 0.2 -0.346251 1.98799e-15 1.21431e-15
153 1 0.6 0.4 0.2 0.00381816 1.96197e-15 1.85268e-15
34 1 0.7 0.3 0 -0.000337905 -2.05998e-15 8.67362e-19
40 1 0.8 0.3 0.1 0.000561088 -1.4988e-15 2.13371e-16
55 1 0.7 0.4 0.1 -0.000337905 2.0151e-15 1.80411e-16
57 1 0.8 0.4 0 0.000561088 2.41127e-15 -2.77556e-17
134 1 0.7 0.3 0.2 -0.000337905 -1.49013e-15 1.41553e-15
157 1 0.8 0.4 0.2 0.000561088 2.35229e-15 1.2876e-15
38 1 0.9 0.3 0 0.000125912 -1.44329e-15 6.93889e-18
59 1 0.9 0.4 0.1 0.000125912 2.498e-15 -3.46945e-17
138 1 0.9 0.3 0.2 0.000125912 -1.03043e-15 7.07767e-16
42 1 0.1 0.5 0 -0.00114173 -2.09902e-15 1.09288e-15
44 1 0 0.5 0.1 0.000634481 -2.06085e-15 6.93889e-17
48 1 0.2 0.5 0.1 0.00571429 -1.96934e-15 2.3679e-16
61 1 0 0.6 0 0.000634481 0 5.20417e-16
63 1 0.1 0.6 0.1 -0.00114173 -9.02056e-17 1.92554e-16
65 1 0.2 0.6 0 0.00571429 -3.72966e-17 4.17201e-16
142 1 0.1 0.5 0.2 -0.00114173 -1.90473e-15 8.95117e-16
161 1 0 0.6 0.2 0.000634481 -7.97973e-17 1.4537e-15
165 1 0.2 0.6 0.2 0.00571429 -7.02563e-17 1.0443e-15
46 1 0.3 0.5 0 0.154726 -1.78503e-15 2.77556e-17
67 1 0.3 0.6 0.1 0.154726 -1.02349e-16 3.60822e-16
146 1 0.3 0.5 0.2 0.154726 -1.64018e-15 1.16573e-15
50 1 0.5 0.5 0 0.182151 -2.03917e-15 -1.94289e-16
52 1 0.40277 0.5 0.1 -0.346251 -1.95156e-15 2.77556e-16
56 1 0.6 0.5 0.1 0.00381816 -1.97498e-15 1.66533e-16
69 1 0.40277 0.6 0 -0.346251 -1.12757e-16 -2.498e-16
71 1 0.5 0.6 0.1 0.182151 -5.46438e-17 2.22045e-16
73 1 0.6 0.6 0 0.00381816 -1.2837e-16 -1.38778e-16
150 1 0.5 0.5 0.2 0.182151 -1.83881e-15 1.4988e-15
169 1 0.40277 0.6 0.2 -0.346251 -3.46945e-17 1.30451e-15
173 1 0.6 0.6 0.2 0.00381816 -8.50015e-17 2.07473e-15
54 1 0.7 0.5 0 -0.000337905 -1.99406e-15 8.67362e-19
60 1 0.8 0.5 0.1 0.000561088 -2.22045e-15 1.21431e-16
75 1 0.7 0.6 0.1 -0.000337905 -8.23994e-17 2.08167e-16
77 1 0.8 0.6 0 0.000561088 4.16334e-17 -4.51028e-17
154 1 0.7 0.5 0.2 -0.000337905 -1.76161e-15 1.81105e-15
177 1 0.8 0.6 0.2 0.000561088 -8.50015e-17 1.37087e-15
58 1 0.9 0.5 0 0.000125912 -2.23779e-15 -6.245e-17
79 1 0.9 0.6 0.1 0.000125912 2.77556e-17 6.93889e-18
158 1 0.9 0.5 0.2 0.000125912 -2.18575e-15 1.2837e-15
62 1 0.1 0.7 0 -0.00114173 5.37764e-17 1.03129e-15
64 1 0 0.7 0.1 0.000634481 7.63278e-17 8.32667e-17
68 1 0.2 0.7 0.1 0.00571429 1.26418e-16 1.38778e-16
81 1 0 0.8 0 0.000634481 5.82867e-15 4.30211e-16
83 1 0.1 0.8 0.1 -0.00114173 5.57887e-15 1.14492e-16
85 1 0.2 0.8 0 0.00571429 5.26402e-15 3.64292e-16
162 1 0.1 0.7 0.2 -0.00114173 7.45931e-17 9.47159e-16
181 1 0 0.8 0.2 0.000634481 5.18335e-15 8.7777e-16
185 1 0.2 0.8 0.2 0.00571429 4.55799e-15 4.66641e-16
66 1 0.3 0.7 0 0.154726 1.33574e-16 -5.9848e-17
87 1 0.3 0.8 0.1 0.154726 4.84682e-15 3.17454e-16
166 1 0.3 0.7 0.2 0.154726 1.92554e-16 1.43635e-15
70 1 0.5 0.7 0 0.182151 6.93889e-17 -1.96024e-16
72 1 0.40277 0.7 0.1 -0.346251 2.37874e-16 2.498e-16
76 1 0.6 0.7 0.1 0.00381816 1.73256e-16 1.38778e-16
89 1 0.40277 0.8 0 -0.346251 6.18949e-15 -2.98372e-16
91 1 0.5 0.8 0.1 0.182151 6.55032e-15 1.02349e-16
93 1 0.6 0.8 0 0.00381816 5.84255e-15 -6.59195e-17
170 1 0.5 0.7 0.2 0.182151 7.71952e-17 1.72085e-15
189 1 0.40277 0.8 0.2 -0.346251 5.55458e-15 9.29812e-16
193 1 0.6 0.8 0.2 0.00381816 5.10269e-15 1.51962e-15
74 1 0.7 0.7 0 -0.000337905 4.0766e-17 -7.28584e-17
80 1 0.8 0.7 0.1 0.000561088 5.89806e-17 1.9082e-16
95 1 0.7 0.8 0.1 -0.000337905 5.68816e-15 1.94289e-16
97 1 0.8 0.8 0 0.000561088 5.6205e-15 -4.85723e-17
174 1 0.7 0.7 0.2 -0.000337905 1.73472e-16 2.07473e-15
197 1 0.8 0.8 0.2 0.000561088 4.79651e-15 7.87564e-16
78 1 0.9 0.7 0 0.000125912 7.63278e-17 -3.46945e-18
99 1 0.9 0.8 0.1 0.000125912 5.52336e-15 9.71445e-17
178 1 0.9 0.7 0.2 0.000125912 1.21431e-16 1.29063e-15
82 1 0.1 0.9 0 -0.00114173 -5.87377e-15 8.35269e-16
84 1 0 0.9 0.1 0.000634481 -5.84602e-15 -2.08167e-17
88 1 0.2 0.9 0.1 0.00571429 -5.34121e-15 1.17961e-16
182 1 0.1 0.9 0.2 -0.00114173 -5.22499e-15 3.95517e-16
86 1 0.3 0.9 0 0.154726 -4.80518e-15 -1.94289e-16
186 1 0.3 0.9 0.2 0.154726 -4.54844e-15 8.62158e-16
90 1 0.5 0.9 0 0.182151 -6.44276e-15 -2.60209e-16
92 1 0.40277 0.9 0.1 -0.346251 -6.15133e-15 7.63278e-17
96 1 0.6 0.9 0.1 0.00381816 -5.80092e-15 -6.93889e-17
190 1 0.5 0.9 0.2 0.182151 -5.98653e-15 1.01134e-15
94 1 0.7 0.9 0 -0.000337905 -5.83908e-15 -4.59702e-17
100 1 0.8 0.9 0.1 0.000561088 -5.78357e-15 9.88792e-17
194 1 0.7 0.9 0.2 -0.000337905 -5.53117e-15 1.31839e-15
98 1 0.9 0.9 0 0.000125912 -5.73153e-15 -1.07553e-16
198 1 0.9 0.9 0.2 0.000125912 -5.24927e-15 7.97973e-16
103 1 0.1 0 0.3 -0.00114173 1.00614e-15 -2.28637e-15
104 1 0 0.1 0.3 0.000634481 8.32667e-17 -2.23432e-15
108 1 0.2 0.1 0.3 0.00571429 1.11022e-16 -1.68181e-15
123 1 0.1 0.2 0.3 -0.00114173 4.26742e-16 -1.61676e-15
201 1 0 0 0.4 0.000634481 4.57967e-16 2.08861e-15
202 1 0.1 0.1 0.4 -0.00114173 7.63278e-17 2.11289e-15
205 1 0.2 0 0.4 0.00571429 3.05311e-16 2.00274e-15
221 1 0 0.2 0.4 0.000634481 1.52656e-15 2.04003e-15
225 1 0.2 0.2 0.4 0.00571429 8.1532e-16 1.90646e-15
107 1 0.3 0 0.3 0.154726 -2.77556e-16 -1.2837e-15
127 1 0.3 0.2 0.3 0.154726 8.46545e-16 -9.17669e-16
206 1 0.3 0.1 0.4 0.154726 0 1.77289e-15
111 1 0.5 0 0.3 0.182151 -2.77556e-16 -1.56125e-15
112 1 0.40277 0.1 0.3 -0.346251 1.249e-16 -1.46411e-15
116 1 0.6 0.1 0.3 0.00381816 1.249e-16 -2.02963e-15
131 1 0.5 0.2 0.3 0.182151 1.04083e-15 -1.18438e-15
209 1 0.40277 0 0.4 -0.346251 -3.60822e-16 1.90126e-15
210 1 0.5 0.1 0.4 0.182151 1.52656e-16 2.16493e-15
213 1 0.6 0 0.4 0.00381816 -8.32667e-17 2.08687e-15
229 1 0.40277 0.2 0.4 -0.346251 1.31145e-15 1.92901e-15
233 1 0.6 0.2 0.4 0.00381816 1.97758e-15 2.001e-15
115 1 0.7 0 0.3 -0.000337905 8.41341e-17 -2.06085e-15
120 1 0.8 0.1 0.3 0.000561088 9.54098e-17 -1.52309e-15
135 1 0.7 0.2 0.3 -0.000337905 1.49186e-15 -1.66013e-15
214 1 0.7 0.1 0.4 -0.000337905 1.249e-16 2.01228e-15
217 1 0.8 0 0.4 0.000561088 -3.81639e-17 2.47372e-15
237 1 0.8 0.2 0.4 0.000561088 1.40166e-15 2.20136e-15
119 1 0.9 0 0.3 0.000125912 -1.04083e-16 -1.40513e-15
139 1 0.9 0.2 0.3 0.000125912 9.4369e-16 -1.02175e-15
218 1 0.9 0.1 0.4 0.000125912 3.1225e-17 2.2829e-15
124 1 0 0.3 0.3 0.000634481 -1.63064e-15 -1.57513e-15
128 1 0.2 0.3 0.3 0.00571429 -1.03455e-15 -1.09613e-15
143 1 0.1 0.4 0.3 -0.00114173 2.00187e-15 -2.08167e-15
222 1 0.1 0.3 0.4 -0.00114173 -1.96024e-15 1.97065e-15
241 1 0 0.4 0.4 0.000634481 2.51882e-15 2.58127e-15
245 1 0.2 0.4 0.4 0.00571429 2.54831e-15 2.35229e-15
147 1 0.3 0.4 0.3 0.154726 1.80281e-15 -1.4923e-15
226 1 0.3 0.3 0.4 0.154726 -1.34615e-15 1.84922e-15
132 1 0.40277 0.3 0.3 -0.346251 -9.76432e-16 -1.01113e-15
136 1 0.6 0.3 0.3 0.00381816 -1.59052e-15 -1.58012e-15
151 1 0.5 0.4 0.3 0.182151 2.07234e-15 -1.59139e-15
230 1 0.5 0.3 0.4 0.182151 -1.48753e-15 2.08687e-15
249 1 0.40277 0.4 0.4 -0.346251 2.43642e-15 2.40606e-15
253 1 0.6 0.4 0.4 0.00381816 2.39912e-15 2.50147e-15
140 1 0.8 0.3 0.3 0.000561088 -1.09635e-15 -1.07206e-15
155 1 0.7 0.4 0.3 -0.000337905 2.00708e-15 -2.01315e-15
234 1 0.7 0.3 0.4 -0.000337905 -1.9082e-15 1.93422e-15
257 1 0.8 0.4 0.4 0.000561088 2.75301e-15 2.8276e-15
159 1 0.9 0.4 0.3 0.000125912 2.27596e-15 -1.41206e-15
238 1 0.9 0.3 0.4 0.000125912 -1.36349e-15 2.38004e-15
144 1 0 0.5 0.3 0.000634481 -1.89432e-15 -2.09555e-15
148 1 0.2 0.5 0.3 0.00571429 -1.69981e-15 -1.59464e-15
163 1 0.1 0.6 0.3 -0.00114173 -8.32667e-17 -2.08514e-15
242 1 0.1 0.5 0.4 -0.00114173 -2.26208e-15 2.50494e-15
261 1 0 0.6 0.4 0.000634481 -8.67362e-17 2.18575e-15
265 1 0.2 0.6 0.4 0.00571429 2.86229e-17 1.94723e-15
167 1 0.3 0.6 0.3 0.154726 -6.54858e-17 -1.41597e-15
246 1 0.3 0.5 0.4 0.154726 -2.00187e-15 2.25167e-15
152 1 0.40277 0.5 0.3 -0.346251 -1.68897e-15 -1.3971e-15
156 1 0.6 0.5 0.3 0.00381816 -1.81148e-15 -2.00556e-15
171 1 0.5 0.6 0.3 0.182151 -7.37257e-18 -1.75294e-15
250 1 0.5 0.5 0.4 0.182151 -2.3653e-15 2.54484e-15
269 1 0.40277 0.6 0.4 -0.346251 1.73472e-18 1.92728e-15
273 1 0.6 0.6 0.4 0.00381816 4.33681e-17 2.11116e-15
160 1 0.8 0.5 0.3 0.000561088 -2.01228e-15 -1.55084e-15
175 1 0.7 0.6 0.3 -0.000337905 -1.72605e-16 -2.09034e-15
254 1 0.7 0.5 0.4 -0.000337905 -2.33494e-15 2.52576e-15
277 1 0.8 0.6 0.4 0.000561088 1.11022e-16 2.33494e-15
179 1 0.9 0.6 0.3 0.000125912 -4.85723e-17 -1.52656e-15
258 1 0.9 0.5 0.4 0.000125912 -2.58821e-15 2.81025e-15
164 1 0 0.7 0.3 0.000634481 2.77556e-17 -2.08861e-15
168 1 0.2 0.7 0.3 0.00571429 1.33574e-16 -1.661e-15
183 1 0.1 0.8 0.3 -0.00114173 5.00988e-15 -1.64105e-15
262 1 0.1 0.7 0.4 -0.00114173 2.42861e-17 2.09208e-15
281 1 0 0.8 0.4 0.000634481 5.89459e-15 2.41127e-15
285 1 0.2 0.8 0.4 0.00571429 5.36723e-15 2.18575e-15
187 1 0.3 0.8 0.3 0.154726 4.30211e-15 -1.07553e-15
266 1 0.3 0.7 0.4 0.154726 8.84709e-17 1.83881e-15
172 1 0.40277 0.7 0.3 -0.346251 2.37657e-16 -1.32446e-15
176 1 0.6 0.7 0.3 0.00381816 1.249e-16 -2.10942e-15
191 1 0.5 0.8 0.3 0.182151 5.86337e-15 -1.01308e-15
270 1 0.5 0.7 0.4 0.182151 2.07299e-16 2.17708e-15
289 1 0.40277 0.8 0.4 -0.346251 6.53644e-15 2.21698e-15
293 1 0.6 0.8 0.4 0.00381816 5.87551e-15 2.31759e-15
180 1 0.8 0.7 0.3 0.000561088 1.45717e-16 -1.50227e-15
195 1 0.7 0.8 0.3 -0.000337905 4.95437e-15 -1.57947e-15
274 1 0.7 0.7 0.4 -0.000337905 9.28077e-17 2.00708e-15
297 1 0.8 0.8 0.4 0.000561088 5.52856e-15 2.69923e-15
199 1 0.9 0.8 0.3 0.000125912 4.89886e-15 -8.70831e-16
278 1 0.9 0.7 0.4 0.000125912 1.56125e-16 2.33841e-15
184 1 0 0.9 0.3 0.000634481 -5.23193e-15 -1.47105e-15
188 1 0.2 0.9 0.3 0.00571429 -4.7011e-15 -1.09981e-15
282 1 0.1 0.9 0.4 -0.00114173 -6.06112e-15 2.36963e-15
286 1 0.3 0.9 0.4 0.154726 -5.09315e-15 2.17187e-15
192 1 0.40277 0.9 0.3 -0.346251 -5.7454e-15 -8.72566e-16
196 1 0.6 0.9 0.3 0.00381816 -5.21805e-15 -1.55431e-15
290 1 0.5 0.9 0.4 0.182151 -6.89032e-15 2.34535e-15
200 1 0.8 0.9 0.3 0.000561088 -5.16948e-15 -1.11022e-15
294 1 0.7 0.9 0.4 -0.000337905 -6.21465e-15 2.44943e-15
298 1 0.9 0.9 0.4 0.000125912 -5.79745e-15 2.76862e-15
203 1 0.1 0 0.5 -0.00114173 9.19403e-16 -2.15453e-15
204 1 0 0.1 0.5 0.000634481 1.11022e-16 -2.04003e-15
208 1 0.2 0.1 0.5 0.00571429 8.32667e-17 -1.85876e-15
223 1 0.1 0.2 0.5 -0.00114173 8.32667e-16 -1.84575e-15
301 1 0 0 0.6 0.000634481 4.92661e-16 -8.84709e-17
302 1 0.1 0.1 0.6 -0.00114173 2.02963e-16 -4.85723e-17
305 1 0.2 0 0.6 0.00571429 2.77556e-16 2.94903e-17
321 1 0 0.2 0.6 0.000634481 1.63758e-15 -2.77556e-17
325 1 0.2 0.2 0.6 0.00571429 1.03043e-15 4.33681e-17
207 1 0.3 0 0.5 0.154726 -2.91434e-16 -1.81799e-15
227 1 0.3 0.2 0.5 0.154726 1.31145e-15 -1.56819e-15
306 1 0.3 0.1 0.6 0.154726 1.94289e-16 -5.55112e-17
211 1 0.5 0 0.5 0.182151 -2.77556e-16 -1.95677e-15
212 1 0.40277 0.1 0.5 -0.346251 1.249e-16 -1.85962e-15
216 1 0.6 0.1 0.5 0.00381816 9.71445e-17 -1.96371e-15
231 1 0.5 0.2 0.5 0.182151 1.56819e-15 -1.81495e-15
309 1 0.40277 0 0.6 -0.346251 -4.71845e-16 -3.81639e-17
310 1 0.5 0.1 0.6 0.182151 1.38778e-16 5.20417e-17
313 1 0.6 0 0.6 0.00381816 -6.93889e-17 -8.32667e-17
329 1 0.40277 0.2 0.6 -0.346251 1.45717e-15 -5.20417e-18
333 1 0.6 0.2 0.6 0.00381816 2.08861e-15 9.54098e-18
215 1 0.7 0 0.5 -0.000337905 8.67362e-19 -2.03483e-15
220 1 0.8 0.1 0.5 0.000561088 1.37043e-16 -2.22045e-15
235 1 0.7 0.2 0.5 -0.000337905 1.97065e-15 -1.85529e-15
314 1 0.7 0.1 0.6 -0.000337905 6.93889e-17 2.08167e-17
317 1 0.8 0 0.6 0.000561088 5.20417e-17 3.46945e-17
337 1 0.8 0.2 0.6 0.000561088 1.54737e-15 9.54098e-17
219 1 0.9 0 0.5 0.000125912 -2.32453e-16 -2.18922e-15
239 1 0.9 0.2 0.5 0.000125912 1.43982e-15 -2.01054e-15
318 1 0.9 0.1 0.6 0.000125912 -3.46945e-18 4.16334e-17
224 1 0 0.3 0.5 0.000634481 -1.93595e-15 -1.83881e-15
228 1 0.2 0.3 0.5 0.00571429 -1.52547e-15 -1.60722e-15
243 1 0.1 0.4 0.5 -0.00114173 2.43902e-15 -2.23085e-15
322 1 0.1 0.3 0.6 -0.00114173 -2.02269e-15 -2.08167e-17
341 1 0 0.4 0.6 0.000634481 2.11289e-15 -9.02056e-17
345 1 0.2 0.4 0.6 0.00571429 2.04524e-15 1.4138e-16
247 1 0.3 0.4 0.5 0.154726 2.26056e-15 -1.95807e-15
326 1 0.3 0.3 0.6 0.154726 -1.41033e-15 1.14492e-16
232 1 0.40277 0.3 0.5 -0.346251 -1.27979e-15 -1.67574e-15
236 1 0.6 0.3 0.5 0.00381816 -2.01033e-15 -1.8683e-15
251 1 0.5 0.4 0.5 0.182151 2.48781e-15 -2.26121e-15
330 1 0.5 0.3 0.6 0.182151 -1.54564e-15 -2.25514e-17
349 1 0.40277 0.4 0.6 -0.346251 2.001e-15 -3.46945e-18
353 1 0.6 0.4 0.6 0.00381816 2.02182e-15 7.97973e-17
240 1 0.8 0.3 0.5 0.000561088 -1.43982e-15 -1.98452e-15
255 1 0.7 0.4 0.5 -0.000337905 2.43989e-15 -2.30371e-15
334 1 0.7 0.3 0.6 -0.000337905 -1.98713e-15 -5.20417e-18
357 1 0.8 0.4 0.6 0.000561088 2.38004e-15 7.80626e-17
259 1 0.9 0.4 0.5 0.000125912 2.82066e-15 -2.64025e-15
338 1 0.9 0.3 0.6 0.000125912 -1.53003e-15 -5.55112e-17
244 1 0 0.5 0.5 0.000634481 -2.44249e-15 -2.36616e-15
248 1 0.2 0.5 0.5 0.00571429 -2.16732e-15 -2.05283e-15
263 1 0.1 0.6 0.5 -0.00114173 -7.97973e-17 -2.00534e-15
342 1 0.1 0.5 0.6 -0.00114173 -2.00881e-15 5.55112e-17
361 1 0 0.6 0.6 0.000634481 -4.85723e-17 -6.245e-17
365 1 0.2 0.6 0.6 0.00571429 -1.20563e-16 -1.73472e-18
267 1 0.3 0.6 0.5 0.154726 -1.69136e-17 -1.68875e-15
346 1 0.3 0.5 0.6 0.154726 -1.8735e-15 1.2837e-16
252 1 0.40277 0.5 0.5 -0.346251 -2.10487e-15 -2.18814e-15
256 1 0.6 0.5 0.5 0.00381816 -2.31109e-15 -2.27813e-15
271 1 0.5 0.6 0.5 0.182151 -8.41341e-17 -2.07213e-15
350 1 0.5 0.5 0.6 0.182151 -2.10682e-15 -8.32667e-17
369 1 0.40277 0.6 0.6 -0.346251 -1.17961e-16 -4.16334e-17
373 1 0.6 0.6 0.6 0.00381816 -1.12757e-16 -5.20417e-17
260 1 0.8 0.5 0.5 0.000561088 -2.71658e-15 -2.5327e-15
275 1 0.7 0.6 0.5 -0.000337905 -1.20346e-16 -2.11896e-15
354 1 0.7 0.5 0.6 -0.000337905 -2.13371e-15 2.25514e-17
377 1 0.8 0.6 0.6 0.000561088 -4.16334e-17 -3.46945e-18
279 1 0.9 0.6 0.5 0.000125912 -3.46945e-18 -2.11289e-15
358 1 0.9 0.5 0.6 0.000125912 -2.35229e-15 -9.02056e-17
264 1 0 0.7 0.5 0.000634481 1.14492e-16 -2.14412e-15
268 1 0.2 0.7 0.5 0.00571429 1.16226e-16 -1.77722e-15
283 1 0.1 0.8 0.5 -0.00114173 5.93275e-15 -2.19269e-15
362 1 0.1 0.7 0.6 -0.00114173 1.92554e-16 -2.42861e-17
381 1 0 0.8 0.6 0.000634481 5.73153e-15 2.08167e-17
385 1 0.2 0.8 0.6 0.00571429 5.16948e-15 1.7087e-16
287 1 0.3 0.8 0.5 0.154726 5.02376e-15 -2.06085e-15
366 1 0.3 0.7 0.6 0.154726 1.69136e-16 -5.20417e-18
272 1 0.40277 0.7 0.5 -0.346251 1.73472e-16 -1.84488e-15
276 1 0.6 0.7 0.5 0.00381816 1.2837e-16 -2.10682e-15
291 1 0.5 0.8 0.5 0.182151 6.7793e-15 -2.24473e-15
370 1 0.5 0.7 0.6 0.182151 9.62772e-17 -6.41848e-17
389 1 0.40277 0.8 0.6 -0.346251 6.26929e-15 -5.72459e-17
393 1 0.6 0.8 0.6 0.00381816 5.75408e-15 1.21431e-17
280 1 0.8 0.7 0.5 0.000561088 1.249e-16 -2.35229e-15
295 1 0.7 0.8 0.5 -0.000337905 5.88418e-15 -2.13284e-15
374 1 0.7 0.7 0.6 -0.000337905 2.06432e-16 -1.14492e-16
397 1 0.8 0.8 0.6 0.000561088 5.59969e-15 8.67362e-18
299 1 0.9 0.8 0.5 0.000125912 5.72806e-15 -2.498e-15
378 1 0.9 0.7 0.6 0.000125912 1.11022e-16 -3.46945e-17
284 1 0 0.9 0.5 0.000634481 -6.1097e-15 -2.22045e-15
288 1 0.2 0.9 0.5 0.00571429 -5.54591e-15 -2.18662e-15
382 1 0.1 0.9 0.6 -0.00114173 -6.02643e-15 2.42861e-17
386 1 0.3 0.9 0.6 0.154726 -4.94396e-15 6.93889e-17
292 1 0.40277 0.9 0.5 -0.346251 -6.54858e-15 -2.00881e-15
296 1 0.6 0.9 0.5 0.00381816 -6.07674e-15 -2.15106e-15
390 1 0.5 0.9 0.6 0.182151 -6.60583e-15 -8.32667e-17
300 1 0.8 0.9 0.5 0.000561088 -5.96398e-15 -2.50494e-15
394 1 0.7 0.9 0.6 -0.000337905 -5.90934e-15 0
398 1 0.9 0.9 0.6 0.000125912 -5.68989e-15 1.38778e-17
303 1 0.1 0 0.7 -0.00114173 8.91648e-16 1.07553e-16
304 1 0 0.1 0.7 0.000634481 1.66533e-16 8.32667e-17
308 1 0.2 0.1 0.7 0.00571429 2.22045e-16 3.81639e-17
323 1 0.1 0.2 0.7 -0.00114173 1.06512e-15 1.73472e-17
401 1 0 0 0.8 0.000634481 3.53884e-16 5.88071e-15
402 1 0.1 0.1 0.8 -0.00114173 1.33574e-16 5.6101e-15
405 1 0.2 0 0.8 0.00571429 1.66533e-16 5.2458e-15
421 1 0 0.2 0.8 0.000634481 1.08247e-15 5.08968e-15
425 1 0.2 0.2 0.8 0.00571429 5.09141e-16 4.29171e-15
307 1 0.3 0 0.7 0.154726 -2.35922e-16 2.15106e-16
327 1 0.3 0.2 0.7 0.154726 1.58901e-15 6.93889e-17
406 1 0.3 0.1 0.8 0.154726 4.16334e-17 4.68028e-15
311 1 0.5 0 0.7 0.182151 -3.33067e-16 3.26128e-16
312 1 0.40277 0.1 0.7 -0.346251 2.77556e-17 2.60209e-16
316 1 0.6 0.1 0.7 0.00381816 1.66533e-16 2.06432e-16
331 1 0.5 0.2 0.7 0.182151 1.75554e-15 2.02963e-16
409 1 0.40277 0 0.8 -0.346251 -4.71845e-16 6.11837e-15
410 1 0.5 0.1 0.8 0.182151 -2.77556e-17 6.48787e-15
413 1 0.6 0 0.8 0.00381816 -2.08167e-16 5.8252e-15
429 1 0.40277 0.2 0.8 -0.346251 8.46545e-16 5.40106e-15
433 1 0.6 0.2 0.8 0.00381816 1.63064e-15 4.96304e-15
315 1 0.7 0 0.7 -0.000337905 -2.68882e-17 1.69136e-16
320 1 0.8 0.1 0.7 0.000561088 2.96638e-16 2.22045e-16
335 1 0.7 0.2 0.7 -0.000337905 2.06779e-15 2.76688e-16
414 1 0.7 0.1 0.8 -0.000337905 3.19189e-16 5.59969e-15
417 1 0.8 0 0.8 0.000561088 -1.07553e-16 5.51642e-15
437 1 0.8 0.2 0.8 0.000561088 9.2309e-16 4.73753e-15
319 1 0.9 0 0.7 0.000125912 -2.08167e-17 5.89806e-17
339 1 0.9 0.2 0.7 0.000125912 1.57166e-15 2.67147e-16
418 1 0.9 0.1 0.8 0.000125912 2.22045e-16 5.44009e-15
324 1 0 0.3 0.7 0.000634481 -2.17187e-15 1.04083e-16
328 1 0.2 0.3 0.7 0.00571429 -1.50747e-15 1.69136e-16
343 1 0.1 0.4 0.7 -0.00114173 2.11289e-15 4.85723e-17
422 1 0.1 0.3 0.8 -0.00114173 -1.54911e-15 5.06886e-15
441 1 0 0.4 0.8 0.000634481 2.36616e-15 5.88765e-15
445 1 0.2 0.4 0.8 0.00571429 2.33494e-15 5.14953e-15
347 1 0.3 0.4 0.7 0.154726 1.84922e-15 5.37764e-17
426 1 0.3 0.3 0.8 0.154726 -8.04044e-16 3.92698e-15
332 1 0.40277 0.3 0.7 -0.346251 -1.33747e-15 6.59195e-17
336 1 0.6 0.3 0.7 0.00381816 -2.10769e-15 1.71738e-16
351 1 0.5 0.4 0.7 0.182151 2.16147e-15 1.17961e-16
430 1 0.5 0.3 0.8 0.182151 -1.08052e-15 5.76167e-15
449 1 0.40277 0.4 0.8 -0.346251 2.28181e-15 6.26691e-15
453 1 0.6 0.4 0.8 0.00381816 2.41582e-15 5.95205e-15
340 1 0.8 0.3 0.7 0.000561088 -1.49186e-15 3.747e-16
355 1 0.7 0.4 0.7 -0.000337905 2.01315e-15 2.02095e-16
434 1 0.7 0.3 0.8 -0.000337905 -1.59855e-15 5.04111e-15
457 1 0.8 0.4 0.8 0.000561088 2.65586e-15 5.63265e-15
359 1 0.9 0.4 0.7 0.000125912 2.3731e-15 2.11636e-16
438 1 0.9 0.3 0.8 0.000125912 -9.95731e-16 4.98906e-15
344 1 0 0.5 0.7 0.000634481 -2.08167e-15 1.04083e-16
348 1 0.2 0.5 0.7 0.00571429 -1.9585e-15 8.67362e-17
363 1 0.1 0.6 0.7 -0.00114173 -3.46945e-17 3.57353e-16
442 1 0.1 0.5 0.8 -0.00114173 -2.24647e-15 5.88071e-15
461 1 0 0.6 0.8 0.000634481 0 5.69683e-15
465 1 0.2 0.6 0.8 0.00571429 3.64292e-17 4.96478e-15
367 1 0.3 0.6 0.7 0.154726 -1.23165e-16 1.17961e-16
446 1 0.3 0.5 0.8 0.154726 -2.02204e-15 4.89496e-15
352 1 0.40277 0.5 0.7 -0.346251 -1.916e-15 1.56125e-16
356 1 0.6 0.5 0.7 0.00381816 -2.07733e-15 1.5786e-16
371 1 0.5 0.6 0.7 0.182151 -2.51535e-16 1.12757e-16
450 1 0.5 0.5 0.8 0.182151 -2.20028e-15 6.64746e-15
469 1 0.40277 0.6 0.8 -0.346251 -1.05168e-16 6.02795e-15
473 1 0.6 0.6 0.8 0.00381816 -1.06252e-16 5.81718e-15
360 1 0.8 0.5 0.7 0.000561088 -2.34535e-15 3.46945e-16
375 1 0.7 0.6 0.7 -0.000337905 -1.58727e-16 3.52149e-16
454 1 0.7 0.5 0.8 -0.000337905 -2.25948e-15 5.92213e-15
477 1 0.8 0.6 0.8 0.000561088 -7.63278e-17 5.55979e-15
379 1 0.9 0.6 0.7 0.000125912 3.46945e-18 2.22045e-16
458 1 0.9 0.5 0.8 0.000125912 -2.52229e-15 5.80092e-15
364 1 0 0.7 0.7 0.000634481 1.8735e-16 1.73472e-16
368 1 0.2 0.7 0.7 0.00571429 2.37657e-16 1.60462e-16
383 1 0.1 0.8 0.7 -0.00114173 5.76969e-15 1.70003e-16
462 1 0.1 0.7 0.8 -0.00114173 2.09902e-16 5.63438e-15
481 1 0 0.8 0.8 0.000634481 5.56846e-15 5.58234e-15
485 1 0.2 0.8 0.8 0.00571429 4.99253e-15 4.8286e-15
387 1 0.3 0.8 0.7 0.154726 4.88498e-15 1.8735e-16
466 1 0.3 0.7 0.8 0.154726 2.4091e-16 4.7165e-15
372 1 0.40277 0.7 0.7 -0.346251 2.70617e-16 1.89952e-16
376 1 0.6 0.7 0.7 0.00381816 2.498e-16 3.63425e-16
391 1 0.5 0.8 0.7 0.182151 6.68215e-15 2.28983e-16
470 1 0.5 0.7 0.8 0.182151 2.5739e-16 6.58566e-15
489 1 0.40277 0.8 0.8 -0.346251 6.20858e-15 5.90153e-15
493 1 0.6 0.8 0.8 0.00381816 5.58407e-15 5.65173e-15
380 1 0.8 0.7 0.7 0.000561088 1.11022e-16 3.43475e-16
395 1 0.7 0.8 0.7 -0.000337905 5.81479e-15 3.04444e-16
474 1 0.7 0.7 0.8 -0.000337905 -4.33681e-18 5.78053e-15
497 1 0.8 0.8 0.8 0.000561088 5.35509e-15 5.3707e-15
399 1 0.9 0.8 0.7 0.000125912 5.56846e-15 1.21431e-16
478 1 0.9 0.7 0.8 0.000125912 9.71445e-17 5.5303e-15
384 1 0 0.9 0.7 0.000634481 -6.05072e-15 2.22045e-16
388 1 0.2 0.9 0.7 0.00571429 -5.54071e-15 2.38524e-16
482 1 0.1 0.9 0.8 -0.00114173 -5.77663e-15 5.51642e-15
486 1 0.3 0.9 0.8 0.154726 -4.72539e-15 4.42008e-15
392 1 0.40277 0.9 0.7 -0.346251 -6.08888e-15 2.39392e-16
396 1 0.6 0.9 0.7 0.00381816 -5.91888e-15 2.39392e-16
490 1 0.5 0.9 0.8 0.182151 -6.38031e-15 6.42542e-15
400 1 0.8 0.9 0.7 0.000561088 -5.8252e-15 2.60209e-16
494 1 0.7 0.9 0.8 -0.000337905 -5.80438e-15 5.58581e-15
498 1 0.9 0.9 0.8 0.000125912 -5.68989e-15 5.46785e-15
403 1 0.1 0 0.9 -0.00114173 7.73687e-16 -5.76969e-15
404 1 0 0.1 0.9 0.000634481 1.04083e-16 -5.73673e-15
408 1 0.2 0.1 0.9 0.00571429 -4.16334e-17 -5.21805e-15
423 1 0.1 0.2 0.9 -0.00114173 5.44703e-16 -5.2007e-15
407 1 0.3 0 0.9 0.154726 -2.56739e-16 -4.9457e-15
427 1 0.3 0.2 0.9 0.154726 7.84095e-16 -4.40013e-15
411 1 0.5 0 0.9 0.182151 -3.88578e-16 -6.64746e-15
412 1 0.40277 0.1 0.9 -0.346251 -1.249e-16 -6.1548e-15
416 1 0.6 0.1 0.9 0.00381816 2.77556e-17 -5.98133e-15
431 1 0.5 0.2 0.9 0.182151 9.71445e-16 -5.98393e-15
415 1 0.7 0 0.9 -0.000337905 -2.78423e-16 -5.94663e-15
420 1 0.8 0.1 0.9 0.000561088 1.5439e-16 -5.89112e-15
435 1 0.7 0.2 0.9 -0.000337905 1.63758e-15 -5.64132e-15
419 1 0.9 0 0.9 0.000125912 -1.80411e-16 -5.59101e-15
439 1 0.9 0.2 0.9 0.000125912 9.4022e-16 -5.20591e-15
424 1 0 0.3 0.9 0.000634481 -1.53696e-15 -5.20591e-15
428 1 0.2 0.3 0.9 0.00571429 -9.92912e-16 -4.9457e-15
443 1 0.1 0.4 0.9 -0.00114173 2.34882e-15 -6.15827e-15
447 1 0.3 0.4 0.9 0.154726 2.16667e-15 -5.33514e-15
432 1 0.40277 0.3 0.9 -0.346251 -8.88178e-16 -5.66994e-15
436 1 0.6 0.3 0.9 0.00381816 -1.54282e-15 -5.45354e-15
451 1 0.5 0.4 0.9 0.182151 2.60035e-15 -6.83308e-15
440 1 0.8 0.3 0.9 0.000561088 -9.38485e-16 -5.43662e-15
455 1 0.7 0.4 0.9 -0.000337905 2.41994e-15 -6.50608e-15
459 1 0.9 0.4 0.9 0.000125912 2.64719e-15 -5.93622e-15
444 1 0 0.5 0.9 0.000634481 -2.33841e-15 -6.04031e-15
448 1 0.2 0.5 0.9 0.00571429 -2.13176e-15 -5.80612e-15
463 1 0.1 0.6 0.9 -0.00114173 -5.55112e-17 -5.94316e-15
467 1 0.3 0.6 0.9 0.154726 1.73472e-18 -4.99167e-15
452 1 0.40277 0.5 0.9 -0.346251 -2.01575e-15 -6.38378e-15
456 1 0.6 0.5 0.9 0.00381816 -2.21893e-15 -6.29379e-15
471 1 0.5 0.6 0.9 0.182151 -8.32667e-17 -6.73246e-15
460 1 0.8 0.5 0.9 0.000561088 -2.51708e-15 -6.1097e-15
475 1 0.7 0.6 0.9 -0.000337905 2.60209e-17 -6.15567e-15
479 1 0.9 0.6 0.9 0.000125912 -3.46945e-17 -5.79398e-15
464 1 0 0.7 0.9 0.000634481 1.14492e-16 -5.89286e-15
468 1 0.2 0.7 0.9 0.00571429 2.76688e-16 -5.49734e-15
483 1 0.1 0.8 0.9 -0.00114173 5.63438e-15 -5.95357e-15
487 1 0.3 0.8 0.9 0.154726 4.62824e-15 -4.92315e-15
472 1 0.40277 0.7 0.9 -0.346251 1.64799e-16 -6.14613e-15
476 1 0.6 0.7 0.9 0.00381816 1.73472e-16 -6.04811e-15
491 1 0.5 0.8 0.9 0.182151 6.48093e-15 -6.51562e-15
480 1 0.8 0.7 0.9 0.000561088 8.1532e-17 -5.95357e-15
495 1 0.7 0.8 0.9 -0.000337905 5.57193e-15 -6.07066e-15
499 1 0.9 0.8 0.9 0.000125912 5.4054e-15 -5.67602e-15
484 1 0 0.9 0.9 0.000634481 -5.75234e-15 -5.65867e-15
488 1 0.2 0.9 0.9 0.00571429 -5.13565e-15 -5.20504e-15
492 1 0.40277 0.9 0.9 -0.346251 -5.82867e-15 -6.14092e-15
496 1 0.6 0.9 0.9 0.00381816 -5.72806e-15 -5.74714e-15
500 1 0.8 0.9 0.9 0.000561088 -5.59275e-15 -5.69336e-15
1 1 0 0 0 0.000634481 1.03736e-15 1.02869e-15
2 1 0.1 0.1 0 -0.00114173 8.50015e-17 2.26967e-15
3 1 0.1 0 0.1 -0.00114173 2.19616e-15 6.245e-17
4 1 0 0.1 0.1 0.000634481 7.63278e-17 1.38778e-17
5 1 0.2 0 0 0.00571429 9.02056e-16 9.19403e-16
8 1 0.2 0.1 0.1 0.00571429 1.95156e-16 9.62772e-17
21 1 0 0.2 0 0.000634481 1.01308e-15 1.07553e-15
23 1 0.1 0.2 0.1 -0.00114173 -7.28584e-17 2.01228e-16
25 1 0.2 0.2 0 0.00571429 3.30465e-16 1.23512e-15
101 1 0 0 0.2 0.000634481 1.06859e-15 9.4022e-16
102 1 0.1 0.1 0.2 -0.00114173 5.20417e-17 -2.67147e-16
105 1 0.2 0 0.2 0.00571429 9.57567e-16 3.86843e-16
121 1 0 0.2 0.2 0.000634481 4.44089e-16 3.1225e-16
125 1 0.2 0.2 0.2 0.00571429 -1.21431e-16 -3.03577e-16
6 1 0.3 0.1 0 0.154726 1.11022e-16 1.21778e-15
7 1 0.3 0 0.1 0.154726 1.1241e-15 1.38778e-16
27 1 0.3 0.2 0.1 0.154726 1.45717e-16 1.38778e-16
106 1 0.3 0.1 0.2 0.154726 2.35922e-16 7.97973e-17
9 1 0.40277 0 0 -0.346251 3.60822e-16 3.69496e-16
10 1 0.5 0.1 0 0.182151 4.16334e-17 1.22471e-15
11 1 0.5 0 0.1 0.182151 9.99201e-16 -4.16334e-17
12 1 0.40277 0.1 0.1 -0.346251 1.80411e-16 4.16334e-17
13 1 0.6 0 0 0.00381816 2.63678e-16 3.36536e-16
16 1 0.6 0.1 0.1 0.00381816 1.38778e-17 1.31839e-16
29 1 0.40277 0.2 0 -0.346251 7.00828e-16 5.53377e-16
31 1 0.5 0.2 0.1 0.182151 3.46945e-16 8.23994e-17
33 1 0.6 0.2 0 0.00381816 1.57513e-15 5.12611e-16
109 1 0.40277 0 0.2 -0.346251 4.30211e-16 9.12465e-16
110 1 0.5 0.1 0.2 0.182151 2.498e-16 2.56739e-16
113 1 0.6 0 0.2 0.00381816 4.57967e-16 1.45717e-15
129 1 0.40277 0.2 0.2 -0.346251 1.52656e-16 8.58688e-17
133 1 0.6 0.2 0.2 0.00381816 9.99201e-16 9.82721e-16
14 1 0.7 0.1 0 -0.000337905 5.55112e-17 9.75782e-16
15 1 0.7 0 0.1 -0.000337905 9.16801e-16 9.02056e-17
17 1 0.8 0 0 0.000561088 2.5327e-16 4.3715e-16
20 1 0.8 0.1 0.1 0.000561088 1.14492e-16 1.73472e-16
35 1 0.7 0.2 0.1 -0.000337905 1.1241e-15 3.05311e-16
37 1 0.8 0.2 0 0.000561088 1.03433e-15 5.0307e-16
114 1 0.7 0.1 0.2 -0.000337905 2.22045e-16 1.13451e-15
117 1 0.8 0 0.2 0.000561088 4.78784e-16 9.96599e-16
137 1 0.8 0.2 0.2 0.000561088 4.23273e-16 3.13985e-16
18 1 0.9 0.1 0 0.000125912 1.38778e-17 8.74301e-16
19 1 0.9 0 0.1 0.000125912 7.63278e-16 -6.245e-17
39 1 0.9 0.2 0.1 0.000125912 5.9501e-16 5.55112e-17
118 1 0.9 0.1 0.2 0.000125912 1.38778e-16 4.64906e-16
22 1 0.1 0.3 0 -0.00114173 -2.12504e-15 1.12757e-15
24 1 0 0.3 0.1 0.000634481 -2.13024e-15 4.85723e-17
28 1 0.2 0.3 0.1 0.00571429 -1.69786e-15 1.80411e-16
41 1 0 0.4 0 0.000634481 2.09902e-15 4.92661e-16
43 1 0.1 0.4 0.1 -0.00114173 2.10248e-15 1.11022e-16
45 1 0.2 0.4 0 0.00571429 1.9906e-15 6.39246e-16
122 1 0.1 0.3 0.2 -0.00114173 -1.71738e-15 2.22045e-16
141 1 0 0.4 0.2 0.000634481 2.1233e-15 1.32533e-15
145 1 0.2 0.4 0.2 0.00571429 2.02963e-15 7.52003e-16
26 1 0.3 0.3 0 0.154726 -1.36609e-15 1.04083e-16
47 1 0.3 0.4 0.1 0.154726 1.83447e-15 2.35922e-16
126 1 0.3 0.3 0.2 0.154726 -7.91901e-16 6.03684e-16
30 1 0.5 0.3 0 0.182151 -1.6211e-15 -1.11022e-16
32 1 0.40277 0.3 0.1 -0.346251 -1.54304e-15 2.91434e-16
36 1 0.6 0.3 0.1 0.00381816 -2.09706e-15 1.94289e-16
49 1 0.40277 0.4 0 -0.346251 2.09641e-15 -2.77556e-17
51 1 0.5 0.4 0.1 0.182151 2.18467e-15 2.08167e-16
53 1 0.6 0.4 0 0.00381816 2.08514e-15 -8.32667e-17
130 1 0.5 0.3 0.2 0.182151 -1.02088e-15 1.09635e-15
149 1 0.40277 0.4 0.2 -0.346251 1.98799e-15 1.21431e-15
153 1 0.6 0.4 0.2 0.00381816 1.96197e-15 1.85268e-15
34 1 0.7 0.3 0 -0.000337905 -2.05998e-15 8.67362e-19
40 1 0.8 0.3 0.1 0.000561088 -1.4988e-15 2.13371e-16
55 1 0.7 0.4 0.1 -0.000337905 2.0151e-15 1.80411e-16
57 1 0.8 0.4 0 0.000561088 2.41127e-15 -2.77556e-17
134 1 0.7 0.3 0.2 -0.000337905 -1.49013e-15 1.41553e-15
157 1 0.8 0.4 0.2 0.000561088 2.35229e-15 1.2876e-15
38 1 0.9 0.3 0 0.000125912 -1.44329e-15 6.93889e-18
59 1 0.9 0.4 0.1 0.000125912 2.498e-15 -3.46945e-17
138 1 0.9 0.3 0.2 0.000125912 -1.03043e-15 7.07767e-16
42 1 0.1 0.5 0 -0.00114173 -2.09902e-15 1.09288e-15
44 1 0 0.5 0.1 0.000634481 -2.06085e-15 6.93889e-17
48 1 0.2 0.5 0.1 0.00571429 -1.96934e-15 2.3679e-16
61 1 0 0.6 0 0.000634481 0 5.20417e-16
63 1 0.1 0.6 0.1 -0.00114173 -9.02056e-17 1.92554e-16
65 1 0.2 0.6 0 0.00571429 -3.72966e-17 4.17201e-16
142 1 0.1 0.5 0.2 -0.00114173 -1.90473e-15 8.95117e-16
161 1 0 0.6 0.2 0.000634481 -7.97973e-17 1.4537e-15
165 1 0.2 0.6 0.2 0.00571429 -7.02563e-17 1.0443e-15
46 1 0.3 0.5 0 0.154726 -1.78503e-15 2.77556e-17
67 1 0.3 0.6 0.1 0.154726 -1.02349e-16 3.60822e-16
146 1 0.3 0.5 0.2 0.154726 -1.64018e-15 1.16573e-15
50 1 0.5 0.5 0 0.182151 -2.03917e-15 -1.94289e-16
52 1 0.40277 0.5 0.1 -0.346251 -1.95156e-15 2.77556e-16
56 1 0.6 0.5 0.1 0.00381816 -1.97498e-15 1.66533e-16
69 1 0.40277 0.6 0 -0.346251 -1.12757e-16 -2.498e-16
71 1 0.5 0.6 0.1 0.182151 -5.46438e-17 2.22045e-16
73 1 0.6 0.6 0 0.00381816 -1.2837e-16 -1.38778e-16
150 1 0.5 0.5 0.2 0.182151 -1.83881e-15 1.4988e-15
169 1 0.40277 0.6 0.2 -0.346251 -3.46945e-17 1.30451e-15
173 1 0.6 0.6 0.2 0.00381816 -8.50015e-17 2.07473e-15
54 1 0.7 0.5 0 -0.000337905 -1.99406e-15 8.67362e-19
60 1 0.8 0.5 0.1 0.000561088 -2.22045e-15 1.21431e-16
75 1 0.7 0.6 0.1 -0.000337905 -8.23994e-17 2.08167e-16
77 1 0.8 0.6 0 0.000561088 4.16334e-17 -4.51028e-17
154 1 0.7 0.5 0.2 -0.000337905 -1.76161e-15 1.81105e-15
177 1 0.8 0.6 0.2 0.000561088 -8.50015e-17 1.37087e-15
58 1 0.9 0.5 0 0.000125912 -2.23779e-15 -6.245e-17
79 1 0.9 0.6 0.1 0.000125912 2.77556e-17 6.93889e-18
158 1 0.9 0.5 0.2 0.000125912 -2.18575e-15 1.2837e-15
62 1 0.1 0.7 0 -0.00114173 5.37764e-17 1.03129e-15
64 1 0 0.7 0.1 0.000634481 7.63278e-17 8.32667e-17
68 1 0.2 0.7 0.1 0.00571429 1.26418e-16 1.38778e-16
81 1 0 0.8 0 0.000634481 5.82867e-15 4.30211e-16
83 1 0.1 0.8 0.1 -0.00114173 5.57887e-15 1.14492e-16
85 1 0.2 0.8 0 0.00571429 5.26402e-15 3.64292e-16
162 1 0.1 0.7 0.2 -0.00114173 7.45931e-17 9.47159e-16
181 1 0 0.8 0.2 0.000634481 5.18335e-15 8.7777e-16
185 1 0.2 0.8 0.2 0.00571429 4.55799e-15 4.66641e-16
66 1 0.3 0.7 0 0.154726 1.33574e-16 -5.9848e-17
87 1 0.3 0.8 0.1 0.154726 4.84682e-15 3.17454e-16
166 1 0.3 0.7 0.2 0.154726 1.92554e-16 1.43635e-15
70 1 0.5 0.7 0 0.182151 6.93889e-17 -1.96024e-16
72 1 0.40277 0.7 0.1 -0.346251 2.37874e-16 2.498e-16
76 1 0.6 0.7 0.1 0.00381816 1.73256e-16 1.38778e-16
89 1 0.40277 0.8 0 -0.346251 6.18949e-15 -2.98372e-16
91 1 0.5 0.8 0.1 0.182151 6.55032e-15 1.02349e-16
93 1 0.6 0.8 0 0.00381816 5.84255e-15 -6.59195e-17
170 1 0.5 0.7 0.2 0.182151 7.71952e-17 1.72085e-15
189 1 0.40277 0.8 0.2 -0.346251 5.55458e-15 9.29812e-16
193 1 0.6 0.8 0.2 0.00381816 5.10269e-15 1.51962e-15
74 1 0.7 0.7 0 -0.000337905 4.0766e-17 -7.28584e-17
80 1 0.8 0.7 0.1 0.000561088 5.89806e-17 1.9082e-16
95 1 0.7 0.8 0.1 -0.000337905 5.68816e-15 1.94289e-16
97 1 0.8 0.8 0 0.000561088 5.6205e-15 -4.85723e-17
174 1 0.7 0.7 0.2 -0.000337905 1.73472e-16 2.07473e-15
197 1 0.8 0.8 0.2 0.000561088 4.79651e-15 7.87564e-16
78 1 0.9 0.7 0 0.000125912 7.63278e-17 -3.46945e-18
99 1 0.9 0.8 0.1 0.000125912 5.52336e-15 9.71445e-17
178 1 0.9 0.7 0.2 0.000125912 1.21431e-16 1.29063e-15
82 1 0.1 0.9 0 -0.00114173 -5.87377e-15 8.35269e-16
84 1 0 0.9 0.1 0.000634481 -5.84602e-15 -2.08167e-17
88 1 0.2 0.9 0.1 0.00571429 -5.34121e-15 1.17961e-16
182 1 0.1 0.9 0.2 -0.00114173 -5.22499e-15 3.95517e-16
86 1 0.3 0.9 0 0.154726 -4.80518e-15 -1.94289e-16
186 1 0.3 0.9 0.2 0.154726 -4.54844e-15 8.62158e-16
90 1 0.5 0.9 0 0.182151 -6.44276e-15 -2.60209e-16
92 1 0.40277 0.9 0.1 -0.346251 -6.15133e-15 7.63278e-17
96 1 0.6 0.9 0.1 0.00381816 -5.80092e-15 -6.93889e-17
190 1 0.5 0.9 0.2 0.182151 -5.98653e-15 1.01134e-15
94 1 0.7 0.9 0 -0.000337905 -5.83908e-15 -4.59702e-17
100 1 0.8 0.9 0.1 0.000561088 -5.78357e-15 9.88792e-17
194 1 0.7 0.9 0.2 -0.000337905 -5.53117e-15 1.31839e-15
98 1 0.9 0.9 0 0.000125912 -5.73153e-15 -1.07553e-16
198 1 0.9 0.9 0.2 0.000125912 -5.24927e-15 7.97973e-16
103 1 0.1 0 0.3 -0.00114173 1.00614e-15 -2.28637e-15
104 1 0 0.1 0.3 0.000634481 8.32667e-17 -2.23432e-15
108 1 0.2 0.1 0.3 0.00571429 1.11022e-16 -1.68181e-15
123 1 0.1 0.2 0.3 -0.00114173 4.26742e-16 -1.61676e-15
201 1 0 0 0.4 0.000634481 4.57967e-16 2.08861e-15
202 1 0.1 0.1 0.4 -0.00114173 7.63278e-17 2.11289e-15
205 1 0.2 0 0.4 0.00571429 3.05311e-16 2.00274e-15
221 1 0 0.2 0.4 0.000634481 1.52656e-15 2.04003e-15
225 1 0.2 0.2 0.4 0.00571429 8.1532e-16 1.90646e-15
107 1 0.3 0 0.3 0.154726 -2.77556e-16 -1.2837e-15
127 1 0.3 0.2 0.3 0.154726 8.46545e-16 -9.17669e-16
206 1 0.3 0.1 0.4 0.154726 0 1.77289e-15
111 1 0.5 0 0.3 0.182151 -2.77556e-16 -1.56125e-15
112 1 0.40277 0.1 0.3 -0.346251 1.249e-16 -1.46411e-15
116 1 0.6 0.1 0.3 0.00381816 1.249e-16 -2.02963e-15
131 1 0.5 0.2 0.3 0.182151 1.04083e-15 -1.18438e-15
209 1 0.40277 0 0.4 -0.346251 -3.60822e-16 1.90126e-15
210 1 0.5 0.1 0.4 0.182151 1.52656e-16 2.16493e-15
213 1 0.6 0 0.4 0.00381816 -8.32667e-17 2.08687e-15
229 1 0.40277 0.2 0.4 -0.346251 1.31145e-15 1.92901e-15
233 1 0.6 0.2 0.4 0.00381816 1.97758e-15 2.001e-15
115 1 0.7 0 0.3 -0.000337905 8.41341e-17 -2.06085e-15
120 1 0.8 0.1 0.3 0.000561088 9.54098e-17 -1.52309e-15
135 1 0.7 0.2 0.3 -0.000337905 1.49186e-15 -1.66013e-15
214 1 0.7 0.1 0.4 -0.000337905 1.249e-16 2.01228e-15
217 1 0.8 0 0.4 0.000561088 -3.81639e-17 2.47372e-15
237 1 0.8 0.2 0.4 0.000561088 1.40166e-15 2.20136e-15
119 1 0.9 0 0.3 0.000125912 -1.04083e-16 -1.40513e-15
139 1 0.9 0.2 0.3 0.000125912 9.4369e-16 -1.02175e-15
218 1 0.9 0.1 0.4 0.000125912 3.1225e-17 2.2829e-15
124 1 0 0.3 0.3 0.000634481 -1.63064e-15 -1.57513e-15
128 1 0.2 0.3 0.3 0.00571429 -1.03455e-15 -1.09613e-15
143 1 0.1 0.4 0.3 -0.00114173 2.00187e-15 -2.08167e-15
222 1 0.1 0.3 0.4 -0.00114173 -1.96024e-15 1.97065e-15
241 1 0 0.4 0.4 0.000634481 2.51882e-15 2.58127e-15
245 1 0.2 0.4 0.4 0.00571429 2.54831e-15 2.35229e-15
147 1 0.3 0.4 0.3 0.154726 1.80281e-15 -1.4923e-15
226 1 0.3 0.3 0.4 0.154726 -1.34615e-15 1.84922e-15
132 1 0.40277 0.3 0.3 -0.346251 -9.76432e-16 -1.01113e-15
136 1 0.6 0.3 0.3 0.00381816 -1.59052e-15 -1.58012e-15
151 1 0.5 0.4 0.3 0.182151 2.07234e-15 -1.59139e-15
230 1 0.5 0.3 0.4 0.182151 -1.48753e-15 2.08687e-15
249 1 0.40277 0.4 0.4 -0.346251 2.43642e-15 2.40606e-15
253 1 0.6 0.4 0.4 0.00381816 2.39912e-15 2.50147e-15
140 1 0.8 0.3 0.3 0.000561088 -1.09635e-15 -1.07206e-15
155 1 0.7 0.4 0.3 -0.000337905 2.00708e-15 -2.01315e-15
234 1 0.7 0.3 0.4 -0.000337905 -1.9082e-15 1.93422e-15
257 1 0.8 0.4 0.4 0.000561088 2.75301e-15 2.8276e-15
159 1 0.9 0.4 0.3 0.000125912 2.27596e-15 -1.41206e-15
238 1 0.9 0.3 0.4 0.000125912 -1.36349e-15 2.38004e-15
144 1 0 0.5 0.3 0.000634481 -1.89432e-15 -2.09555e-15
148 1 0.2 0.5 0.3 0.00571429 -1.69981e-15 -1.59464e-15
163 1 0.1 0.6 0.3 -0.00114173 -8.32667e-17 -2.08514e-15
242 1 0.1 0.5 0.4 -0.00114173 -2.26208e-15 2.50494e-15
261 1 0 0.6 0.4 0.000634481 -8.67362e-17 2.18575e-15
265 1 0.2 0.6 0.4 0.00571429 2.86229e-17 1.94723e-15
167 1 0.3 0.6 0.3 0.154726 -6.54858e-17 -1.41597e-15
246 1 0.3 0.5 0.4 0.154726 -2.00187e-15 2.25167e-15
152 1 0.40277 0.5 0.3 -0.346251 -1.68897e-15 -1.3971e-15
156 1 0.6 0.5 0.3 0.00381816 -1.81148e-15 -2.00556e-15
171 1 0.5 0.6 0.3 0.182151 -7.37257e-18 -1.75294e-15
250 1 0.5 0.5 0.4 0.182151 -2.3653e-15 2.54484e-15
269 1 0.40277 0.6 0.4 -0.346251 1.73472e-18 1.92728e-15
273 1 0.6 0.6 0.4 0.00381816 4.33681e-17 2.11116e-15
160 1 0.8 0.5 0.3 0.000561088 -2.01228e-15 -1.55084e-15
175 1 0.7 0.6 0.3 -0.000337905 -1.72605e-16 -2.09034e-15
254 1 0.7 0.5 0.4 -0.000337905 -2.33494e-15 2.52576e-15
277 1 0.8 0.6 0.4 0.000561088 1.11022e-16 2.33494e-15
179 1 0.9 0.6 0.3 0.000125912 -4.85723e-17 -1.52656e-15
258 1 0.9 0.5 0.4 0.000125912 -2.58821e-15 2.81025e-15
164 1 0 0.7 0.3 0.000634481 2.77556e-17 -2.08861e-15
168 1 0.2 0.7 0.3 0.00571429 1.33574e-16 -1.661e-15
183 1 0.1 0.8 0.3 -0.00114173 5.00988e-15 -1.64105e-15
262 1 0.1 0.7 0.4 -0.00114173 2.42861e-17 2.09208e-15
281 1 0 0.8 0.4 0.000634481 5.89459e-15 2.41127e-15
285 1 0.2 0.8 0.4 0.00571429 5.36723e-15 2.18575e-15
187 1 0.3 0.8 0.3 0.154726 4.30211e-15 -1.07553e-15
266 1 0.3 0.7 0.4 0.154726 8.84709e-17 1.83881e-15
172 1 0.40277 0.7 0.3 -0.346251 2.37657e-16 -1.32446e-15
176 1 0.6 0.7 0.3 0.00381816 1.249e-16 -2.10942e-15
191 1 0.5 0.8 0.3 0.182151 5.86337e-15 -1.01308e-15
270 1 0.5 0.7 0.4 0.182151 2.07299e-16 2.17708e-15
289 1 0.40277 0.8 0.4 -0.346251 6.53644e-15 2.21698e-15
293 1 0.6 0.8 0.4 0.00381816 5.87551e-15 2.31759e-15
180 1 0.8 0.7 0.3 0.000561088 1.45717e-16 -1.50227e-15
195 1 0.7 0.8 0.3 -0.000337905 4.95437e-15 -1.57947e-15
274 1 0.7 0.7 0.4 -0.000337905 9.28077e-17 2.00708e-15
297 1 0.8 0.8 0.4 0.000561088 5.52856e-15 2.69923e-15
199 1 0.9 0.8 0.3 0.000125912 4.89886e-15 -8.70831e-16
278 1 0.9 0.7 0.4 0.000125912 1.56125e-16 2.33841e-15
184 1 0 0.9 0.3 0.000634481 -5.23193e-15 -1.47105e-15
188 1 0.2 0.9 0.3 0.00571429 -4.7011e-15 -1.09981e-15
282 1 0.1 0.9 0.4 -0.00114173 -6.06112e-15 2.36963e-15
286 1 0.3 0.9 0.4 0.154726 -5.09315e-15 2.17187e-15
192 1 0.40277 0.9 0.3 -0.346251 -5.7454e-15 -8.72566e-16
196 1 0.6 0.9 0.3 0.00381816 -5.21805e-15 -1.55431e-15
290 1 0.5 0.9 0.4 0.182151 -6.89032e-15 2.34535e-15
200 1 0.8 0.9 0.3 0.000561088 -5.16948e-15 -1.11022e-15
294 1 0.7 0.9 0.4 -0.000337905 -6.21465e-15 2.44943e-15
298 1 0.9 0.9 0.4 0.000125912 -5.79745e-15 2.76862e-15
203 1 0.1 0 0.5 -0.00114173 9.19403e-16 -2.15453e-15
204 1 0 0.1 0.5 0.000634481 1.11022e-16 -2.04003e-15
208 1 0.2 0.1 0.5 0.00571429 8.32667e-17 -1.85876e-15
223 1 0.1 0.2 0.5 -0.00114173 8.32667e-16 -1.84575e-15
301 1 0 0 0.6 0.000634481 4.92661e-16 -8.84709e-17
302 1 0.1 0.1 0.6 -0.00114173 2.02963e-16 -4.85723e-17
305 1 0.2 0 0.6 0.00571429 2.77556e-16 2.94903e-17
321 1 0 0.2 0.6 0.000634481 1.63758e-15 -2.77556e-17
325 1 0.2 0.2 0.6 0.00571429 1.03043e-15 4.33681e-17
207 1 0.3 0 0.5 0.154726 -2.91434e-16 -1.81799e-15
227 1 0.3 0.2 0.5 0.154726 1.31145e-15 -1.56819e-15
306 1 0.3 0.1 0.6 0.154726 1.94289e-16 -5.55112e-17
211 1 0.5 0 0.5 0.182151 -2.77556e-16 -1.95677e-15
212 1 0.40277 0.1 0.5 -0.346251 1.249e-16 -1.85962e-15
216 1 0.6 0.1 0.5 0.00381816 9.71445e-17 -1.96371e-15
231 1 0.5 0.2 0.5 0.182151 1.56819e-15 -1.81495e-15
309 1 0.40277 0 0.6 -0.346251 -4.71845e-16 -3.81639e-17
310 1 0.5 0.1 0.6 0.182151 1.38778e-16 5.20417e-17
313 1 0.6 0 0.6 0.00381816 -6.93889e-17 -8.32667e-17
329 1 0.40277 0.2 0.6 -0.346251 1.45717e-15 -5.20417e-18
333 1 0.6 0.2 0.6 0.00381816 2.08861e-15 9.54098e-18
215 1 0.7 0 0.5 -0.000337905 8.67362e-19 -2.03483e-15
220 1 0.8 0.1 0.5 0.000561088 1.37043e-16 -2.22045e-15
235 1 0.7 0.2 0.5 -0.000337905 1.97065e-15 -1.85529e-15
314 1 0.7 0.1 0.6 -0.000337905 6.93889e-17 2.08167e-17
317 1 0.8 0 0.6 0.000561088 5.20417e-17 3.46945e-17
337 1 0.8 0.2 0.6 0.000561088 1.54737e-15 9.54098e-17
219 1 0.9 0 0.5 0.000125912 -2.32453e-16 -2.18922e-15
239 1 0.9 0.2 0.5 0.000125912 1.43982e-15 -2.01054e-15
318 1 0.9 0.1 0.6 0.000125912 -3.46945e-18 4.16334e-17
224 1 0 0.3 0.5 0.000634481 -1.93595e-15 -1.83881e-15
228 1 0.2 0.3 0.5 0.00571429 -1.52547e-15 -1.60722e-15
243 1 0.1 0.4 0.5 -0.00114173 2.43902e-15 -2.23085e-15
322 1 0.1 0.3 0.6 -0.00114173 -2.02269e-15 -2.08167e-17
341 1 0 0.4 0.6 0.000634481 2.11289e-15 -9.02056e-17
345 1 0.2 0.4 0.6 0.00571429 2.04524e-15 1.4138e-16
247 1 0.3 0.4 0.5 0.154726 2.26056e-15 -1.95807e-15
326 1 0.3 0.3 0.6 0.154726 -1.41033e-15 1.14492e-16
232 1 0.40277 0.3 0.5 -0.346251 -1.27979e-15 -1.67574e-15
236 1 0.6 0.3 0.5 0.00381816 -2.01033e-15 -1.8683e-15
251 1 0.5 0.4 0.5 0.182151 2.48781e-15 -2.26121e-15
330 1 0.5 0.3 0.6 0.182151 -1.54564e-15 -2.25514e-17
349 1 0.40277 0.4 0.6 -0.346251 2.001e-15 -3.46945e-18
353 1 0.6 0.4 0.6 0.00381816 2.02182e-15 7.97973e-17
240 1 0.8 0.3 0.5 0.000561088 -1.43982e-15 -1.98452e-15
255 1 0.7 0.4 0.5 -0.000337905 2.43989e-15 -2.30371e-15
334 1 0.7 0.3 0.6 -0.000337905 -1.98713e-15 -5.20417e-18
357 1 0.8 0.4 0.6 0.000561088 2.38004e-15 7.80626e-17
259 1 0.9 0.4 0.5 0.000125912 2.82066e-15 -2.64025e-15
338 1 0.9 0.3 0.6 0.000125912 -1.53003e-15 -5.55112e-17
244 1 0 0.5 0.5 0.000634481 -2.44249e-15 -2.36616e-15
248 1 0.2 0.5 0.5 0.00571429 -2.16732e-15 -2.05283e-15
263 1 0.1 0.6 0.5 -0.00114173 -7.97973e-17 -2.00534e-15
342 1 0.1 0.5 0.6 -0.00114173 -2.00881e-15 5.55112e-17
361 1 0 0.6 0.6 0.000634481 -4.85723e-17 -6.245e-17
365 1 0.2 0.6 0.6 0.00571429 -1.20563e-16 -1.73472e-18
267 1 0.3 0.6 0.5 0.154726 -1.69136e-17 -1.68875e-15
346 1 0.3 0.5 0.6 0.154726 -1.8735e-15 1.2837e-16
252 1 0.40277 0.5 0.5 -0.346251 -2.10487e-15 -2.18814e-15
256 1 0.6 0.5 0.5 0.00381816 -2.31109e-15 -2.27813e-15
271 1 0.5 0.6 0.5 0.182151 -8.41341e-17 -2.07213e-15
350 1 0.5 0.5 0.6 0.182151 -2.10682e-15 -8.32667e-17
369 1 0.40277 0.6 0.6 -0.346251 -1.17961e-16 -4.16334e-17
373 1 0.6 0.6 0.6 0.00381816 -1.12757e-16 -5.20417e-17
260 1 0.8 0.5 0.5 0.000561088 -2.71658e-15 -2.5327e-15
275 1 0.7 0.6 0.5 -0.000337905 -1.20346e-16 -2.11896e-15
354 1 0.7 0.5 0.6 -0.000337905 -2.13371e-15 2.25514e-17
377 1 0.8 0.6 0.6 0.000561088 -4.16334e-17 -3.46945e-18
279 1 0.9 0.6 0.5 0.000125912 -3.46945e-18 -2.11289e-15
358 1 0.9 0.5 0.6 0.000125912 -2.35229e-15 -9.02056e-17
264 1 0 0.7 0.5 0.000634481 1.14492e-16 -2.14412e-15
268 1 0.2 0.7 0.5 0.00571429 1.16226e-16 -1.77722e-15
283 1 0.1 0.8 0.5 -0.00114173 5.93275e-15 -2.19269e-15
362 1 0.1 0.7 0.6 -0.00114173 1.92554e-16 -2.42861e-17
381 1 0 0.8 0.6 0.000634481 5.73153e-15 2.08167e-17
385 1 0.2 0.8 0.6 0.00571429 5.16948e-15 1.7087e-16
287 1 0.3 0.8 0.5 0.154726 5.02376e-15 -2.06085e-15
366 1 0.3 0.7 0.6 0.154726 1.69136e-16 -5.20417e-18
272 1 0.40277 0.7 0.5 -0.346251 1.73472e-16 -1.84488e-15
276 1 0.6 0.7 0.5 0.00381816 1.2837e-16 -2.10682e-15
291 1 0.5 0.8 0.5 0.182151 6.7793e-15 -2.24473e-15
370 1 0.5 0.7 0.6 0.182151 9.62772e-17 -6.41848e-17
389 1 0.40277 0.8 0.6 -0.346251 6.26929e-15 -5.72459e-17
393 1 0.6 0.8 0.6 0.00381816 5.75408e-15 1.21431e-17
280 1 0.8 0.7 0.5 0.000561088 1.249e-16 -2.35229e-15
295 1 0.7 0.8 0.5 -0.000337905 5.88418e-15 -2.13284e-15
374 1 0.7 0.7 0.6 -0.000337905 2.06432e-16 -1.14492e-16
397 1 0.8 0.8 0.6 0.000561088 5.59969e-15 8.67362e-18
299 1 0.9 0.8 0.5 0.000125912 5.72806e-15 -2.498e-15
378 1 0.9 0.7 0.6 0.000125912 1.11022e-16 -3.46945e-17
284 1 0 0.9 0.5 0.000634481 -6.1097e-15 -2.22045e-15
288 1 0.2 0.9 0.5 0.00571429 -5.54591e-15 -2.18662e-15
382 1 0.1 0.9 0.6 -0.00114173 -6.02643e-15 2.42861e-17
386 1 0.3 0.9 0.6 0.154726 -4.94396e-15 6.93889e-17
292 1 0.40277 0.9 0.5 -0.346251 -6.54858e-15 -2.00881e-15
296 1 0.6 0.9 0.5 0.00381816 -6.07674e-15 -2.15106e-15
390 1 0.5 0.9 0.6 0.182151 -6.60583e-15 -8.32667e-17
300 1 0.8 0.9 0.5 0.000561088 -5.96398e-15 -2.50494e-15
394 1 0.7 0.9 0.6 -0.000337905 -5.90934e-15 0
398 1 0.9 0.9 0.6 0.000125912 -5.68989e-15 1.38778e-17
303 1 0.1 0 0.7 -0.00114173 8.91648e-16 1.07553e-16
304 1 0 0.1 0.7 0.000634481 1.66533e-16 8.32667e-17
308 1 0.2 0.1 0.7 0.00571429 2.22045e-16 3.81639e-17
323 1 0.1 0.2 0.7 -0.00114173 1.06512e-15 1.73472e-17
401 1 0 0 0.8 0.000634481 3.53884e-16 5.88071e-15
402 1 0.1 0.1 0.8 -0.00114173 1.33574e-16 5.6101e-15
405 1 0.2 0 0.8 0.00571429 1.66533e-16 5.2458e-15
421 1 0 0.2 0.8 0.000634481 1.08247e-15 5.08968e-15
425 1 0.2 0.2 0.8 0.00571429 5.09141e-16 4.29171e-15
307 1 0.3 0 0.7 0.154726 -2.35922e-16 2.15106e-16
327 1 0.3 0.2 0.7 0.154726 1.58901e-15 6.93889e-17
406 1 0.3 0.1 0.8 0.154726 4.16334e-17 4.68028e-15
311 1 0.5 0 0.7 0.182151 -3.33067e-16 3.26128e-16
312 1 0.40277 0.1 0.7 -0.346251 2.77556e-17 2.60209e-16
316 1 0.6 0.1 0.7 0.00381816 1.66533e-16 2.06432e-16
331 1 0.5 0.2 0.7 0.182151 1.75554e-15 2.02963e-16
409 1 0.40277 0 0.8 -0.346251 -4.71845e-16 6.11837e-15
410 1 0.5 0.1 0.8 0.182151 -2.77556e-17 6.48787e-15
413 1 0.6 0 0.8 0.00381816 -2.08167e-16 5.8252e-15
429 1 0.40277 0.2 0.8 -0.346251 8.46545e-16 5.40106e-15
433 1 0.6 0.2 0.8 0.00381816 1.63064e-15 4.96304e-15
315 1 0.7 0 0.7 -0.000337905 -2.68882e-17 1.69136e-16
320 1 0.8 0.1 0.7 0.000561088 2.96638e-16 2.22045e-16
335 1 0.7 0.2 0.7 -0.000337905 2.06779e-15 2.76688e-16
414 1 0.7 0.1 0.8 -0.000337905 3.19189e-16 5.59969e-15
417 1 0.8 0 0.8 0.000561088 -1.07553e-16 5.51642e-15
437 1 0.8 0.2 0.8 0.000561088 9.2309e-16 4.73753e-15
319 1 0.9 0 0.7 0.000125912 -2.08167e-17 5.89806e-17
339 1 0.9 0.2 0.7 0.000125912 1.57166e-15 2.67147e-16
418 1 0.9 0.1 0.8 0.000125912 2.22045e-16 5.44009e-15
324 1 0 0.3 0.7 0.000634481 -2.17187e-15 1.04083e-16
328 1 0.2 0.3 0.7 0.00571429 -1.50747e-15 1.69136e-16
343 1 0.1 0.4 0.7 -0.00114173 2.11289e-15 4.85723e-17
422 1 0.1 0.3 0.8 -0.00114173 -1.54911e-15 5.06886e-15
441 1 0 0.4 0.8 0.000634481 2.36616e-15 5.88765e-15
445 1 0.2 0.4 0.8 0.00571429 2.33494e-15 5.14953e-15
347 1 0.3 0.4 0.7 0.154726 1.84922e-15 5.37764e-17
426 1 0.3 0.3 0.8 0.154726 -8.04044e-16 3.92698e-15
332 1 0.40277 0.3 0.7 -0.346251 -1.33747e-15 6.59195e-17
336 1 0.6 0.3 0.7 0.00381816 -2.10769e-15 1.71738e-16
351 1 0.5 0.4 0.7 0.182151 2.16147e-15 1.17961e-16
430 1 0.5 0.3 0.8 0.182151 -1.08052e-15 5.76167e-15
449 1 0.40277 0.4 0.8 -0.346251 2.28181e-15 6.26691e-15
453 1 0.6 0.4 0.8 0.00381816 2.41582e-15 5.95205e-15
340 1 0.8 0.3 0.7 0.000561088 -1.49186e-15 3.747e-16
355 1 0.7 0.4 0.7 -0.000337905 2.01315e-15 2.02095e-16
434 1 0.7 0.3 0.8 -0.000337905 -1.59855e-15 5.04111e-15
457 1 0.8 0.4 0.8 0.000561088 2.65586e-15 5.63265e-15
359 1 0.9 0.4 0.7 0.000125912 2.3731e-15 2.11636e-16
438 1 0.9 0.3 0.8 0.000125912 -9.95731e-16 4.98906e-15
344 1 0 0.5 0.7 0.000634481 -2.08167e-15 1.04083e-16
348 1 0.2 0.5 0.7 0.00571429 -1.9585e-15 8.67362e-17
363 1 0.1 0.6 0.7 -0.00114173 -3.46945e-17 3.57353e-16
442 1 0.1 0.5 0.8 -0.00114173 -2.24647e-15 5.88071e-15
461 1 0 0.6 0.8 0.000634481 0 5.69683e-15
465 1 0.2 0.6 0.8 0.00571429 3.64292e-17 4.96478e-15
367 1 0.3 0.6 0.7 0.154726 -1.23165e-16 1.17961e-16
446 1 0.3 0.5 0.8 0.154726 -2.02204e-15 4.89496e-15
352 1 0.40277 0.5 0.7 -0.346251 -1.916e-15 1.56125e-16
356 1 0.6 0.5 0.7 0.00381816 -2.07733e-15 1.5786e-16
371 1 0.5 0.6 0.7 0.182151 -2.51535e-16 1.12757e-16
450 1 0.5 0.5 0.8 0.182151 -2.20028e-15 6.64746e-15
469 1 0.40277 0.6 0.8 -0.346251 -1.05168e-16 6.02795e-15
473 1 0.6 0.6 0.8 0.00381816 -1.06252e-16 5.81718e-15
360 1 0.8 0.5 0.7 0.000561088 -2.34535e-15 3.46945e-16
375 1 0.7 0.6 0.7 -0.000337905 -1.58727e-16 3.52149e-16
454 1 0.7 0.5 0.8 -0.000337905 -2.25948e-15 5.92213e-15
477 1 0.8 0.6 0.8 0.000561088 -7.63278e-17 5.55979e-15
379 1 0.9 0.6 0.7 0.000125912 3.46945e-18 2.22045e-16
458 1 0.9 0.5 0.8 0.000125912 -2.52229e-15 5.80092e-15
364 1 0 0.7 0.7 0.000634481 1.8735e-16 1.73472e-16
368 1 0.2 0.7 0.7 0.00571429 2.37657e-16 1.60462e-16
383 1 0.1 0.8 0.7 -0.00114173 5.76969e-15 1.70003e-16
462 1 0.1 0.7 0.8 -0.00114173 2.09902e-16 5.63438e-15
481 1 0 0.8 0.8 0.000634481 5.56846e-15 5.58234e-15
485 1 0.2 0.8 0.8 0.00571429 4.99253e-15 4.8286e-15
387 1 0.3 0.8 0.7 0.154726 4.88498e-15 1.8735e-16
466 1 0.3 0.7 0.8 0.154726 2.4091e-16 4.7165e-15
372 1 0.40277 0.7 0.7 -0.346251 2.70617e-16 1.89952e-16
376 1 0.6 0.7 0.7 0.00381816 2.498e-16 3.63425e-16
391 1 0.5 0.8 0.7 0.182151 6.68215e-15 2.28983e-16
470 1 0.5 0.7 0.8 0.182151 2.5739e-16 6.58566e-15
489 1 0.40277 0.8 0.8 -0.346251 6.20858e-15 5.90153e-15
493 1 0.6 0.8 0.8 0.00381816 5.58407e-15 5.65173e-15
380 1 0.8 0.7 0.7 0.000561088 1.11022e-16 3.43475e-16
395 1 0.7 0.8 0.7 -0.000337905 5.81479e-15 3.04444e-16
474 1 0.7 0.7 0.8 -0.000337905 -4.33681e-18 5.78053e-15
497 1 0.8 0.8 0.8 0.000561088 5.35509e-15 5.3707e-15
399 1 0.9 0.8 0.7 0.000125912 5.56846e-15 1.21431e-16
478 1 0.9 0.7 0.8 0.000125912 9.71445e-17 5.5303e-15
384 1 0 0.9 0.7 0.000634481 -6.05072e-15 2.22045e-16
388 1 0.2 0.9 0.7 0.00571429 -5.54071e-15 2.38524e-16
482 1 0.1 0.9 0.8 -0.00114173 -5.77663e-15 5.51642e-15
486 1 0.3 0.9 0.8 0.154726 -4.72539e-15 4.42008e-15
392 1 0.40277 0.9 0.7 -0.346251 -6.08888e-15 2.39392e-16
396 1 0.6 0.9 0.7 0.00381816 -5.91888e-15 2.39392e-16
490 1 0.5 0.9 0.8 0.182151 -6.38031e-15 6.42542e-15
400 1 0.8 0.9 0.7 0.000561088 -5.8252e-15 2.60209e-16
494 1 0.7 0.9 0.8 -0.000337905 -5.80438e-15 5.58581e-15
498 1 0.9 0.9 0.8 0.000125912 -5.68989e-15 5.46785e-15
403 1 0.1 0 0.9 -0.00114173 7.73687e-16 -5.76969e-15
404 1 0 0.1 0.9 0.000634481 1.04083e-16 -5.73673e-15
408 1 0.2 0.1 0.9 0.00571429 -4.16334e-17 -5.21805e-15
423 1 0.1 0.2 0.9 -0.00114173 5.44703e-16 -5.2007e-15
407 1 0.3 0 0.9 0.154726 -2.56739e-16 -4.9457e-15
427 1 0.3 0.2 0.9 0.154726 7.84095e-16 -4.40013e-15
411 1 0.5 0 0.9 0.182151 -3.88578e-16 -6.64746e-15
412 1 0.40277 0.1 0.9 -0.346251 -1.249e-16 -6.1548e-15
416 1 0.6 0.1 0.9 0.00381816 2.77556e-17 -5.98133e-15
431 1 0.5 0.2 0.9 0.182151 9.71445e-16 -5.98393e-15
415 1 0.7 0 0.9 -0.000337905 -2.78423e-16 -5.94663e-15
420 1 0.8 0.1 0.9 0.000561088 1.5439e-16 -5.89112e-15
435 1 0.7 0.2 0.9 -0.000337905 1.63758e-15 -5.64132e-15
419 1 0.9 0 0.9 0.000125912 -1.80411e-16 -5.59101e-15
439 1 0.9 0.2 0.9 0.000125912 9.4022e-16 -5.20591e-15
424 1 0 0.3 0.9 0.000634481 -1.53696e-15 -5.20591e-15
428 1 0.2 0.3 0.9 0.00571429 -9.92912e-16 -4.9457e-15
443 1 0.1 0.4 0.9 -0.00114173 2.34882e-15 -6.15827e-15
447 1 0.3 0.4 0.9 0.154726 2.16667e-15 -5.33514e-15
432 1 0.40277 0.3 0.9 -0.346251 -8.88178e-16 -5.66994e-15
436 1 0.6 0.3 0.9 0.00381816 -1.54282e-15 -5.45354e-15
451 1 0.5 0.4 0.9 0.182151 2.60035e-15 -6.83308e-15
440 1 0.8 0.3 0.9 0.000561088 -9.38485e-16 -5.43662e-15
455 1 0.7 0.4 0.9 -0.000337905 2.41994e-15 -6.50608e-15
459 1 0.9 0.4 0.9 0.000125912 2.64719e-15 -5.93622e-15
444 1 0 0.5 0.9 0.000634481 -2.33841e-15 -6.04031e-15
448 1 0.2 0.5 0.9 0.00571429 -2.13176e-15 -5.80612e-15
463 1 0.1 0.6 0.9 -0.00114173 -5.55112e-17 -5.94316e-15
467 1 0.3 0.6 0.9 0.154726 1.73472e-18 -4.99167e-15
452 1 0.40277 0.5 0.9 -0.346251 -2.01575e-15 -6.38378e-15
456 1 0.6 0.5 0.9 0.00381816 -2.21893e-15 -6.29379e-15
471 1 0.5 0.6 0.9 0.182151 -8.32667e-17 -6.73246e-15
460 1 0.8 0.5 0.9 0.000561088 -2.51708e-15 -6.1097e-15
475 1 0.7 0.6 0.9 -0.000337905 2.60209e-17 -6.15567e-15
479 1 0.9 0.6 0.9 0.000125912 -3.46945e-17 -5.79398e-15
464 1 0 0.7 0.9 0.000634481 1.14492e-16 -5.89286e-15
468 1 0.2 0.7 0.9 0.00571429 2.76688e-16 -5.49734e-15
483 1 0.1 0.8 0.9 -0.00114173 5.63438e-15 -5.95357e-15
487 1 0.3 0.8 0.9 0.154726 4.62824e-15 -4.92315e-15
472 1 0.40277 0.7 0.9 -0.346251 1.64799e-16 -6.14613e-15
476 1 0.6 0.7 0.9 0.00381816 1.73472e-16 -6.04811e-15
491 1 0.5 0.8 0.9 0.182151 6.48093e-15 -6.51562e-15
480 1 0.8 0.7 0.9 0.000561088 8.1532e-17 -5.95357e-15
495 1 0.7 0.8 0.9 -0.000337905 5.57193e-15 -6.07066e-15
499 1 0.9 0.8 0.9 0.000125912 5.4054e-15 -5.67602e-15
484 1 0 0.9 0.9 0.000634481 -5.75234e-15 -5.65867e-15
488 1 0.2 0.9 0.9 0.00571429 -5.13565e-15 -5.20504e-15
492 1 0.40277 0.9 0.9 -0.346251 -5.82867e-15 -6.14092e-15
496 1 0.6 0.9 0.9 0.00381816 -5.72806e-15 -5.74714e-15
500 1 0.8 0.9 0.9 0.000561088 -5.59275e-15 -5.69336e-15